:action
search

:nominal
AGE2,   3,0,a
EDYRS2, 3,1,b
RACEAA2,2,0,c
INCOME2,3,1,d
STRESS2,3,0,e
PARTNR2,4,1,f
OTHER2, 3,1,g
ESTEEM3,3,1,h
BMRISK2,3,1,i
SMOKE2, 3,1,j
MARIJ2, 2,0,k
ALCO2,  2,0,l
DRUGS2, 2,0,m
ABUSE2, 2,0,n
LBW2,   2,2,z

:optimize-search-width
2

:search-levels
3

:no-frequency

:data
3	2	2	2	2	1	3	2	2	1	1	1	1	1	1
3	3	2	2	2	1	1	1	2	1	1	1	1	2	1
2	2	2	2	1	2	3	3	2	2	2	1	1	1	1
2	1	1	1	1	1	2	1	3	1	1	1	1	2	1
1	2	2	3	1	3	2	3	2	1	1	1	1	1	1
1	2	2	3	1	2	2	3	1	1	1	1	1	2	2
3	2	2	1	2	3	2	3	2	1	1	1	1	1	1
1	1	1	2	1	3	3	3	1	1	1	1	1	2	1
2	1	1	1	2	4	2	1	2	1	1	1	1	2	1
1	1	2	1	2	1	1	2	2	1	1	1	1	1	1
3	3	1	3	3	2	3	1	1	1	1	1	1	1	1
2	3	2	1	1	3	2	3	2	1	1	1	1	1	1
2	2	2	2	1	3	3	2	3	1	1	1	1	1	1
3	3	2	3	2	2	3	3	2	1	1	1	1	1	1
3	3	1	2	1	3	3	3	2	1	1	1	1	1	1
1	1	2	1	2	3	3	3	2	2	1	1	1	2	1
3	3	1	2	1	2	3	2	3	3	1	1	1	1	1
2	3	1	1	3	2	1	2	2	3	1	1	1	2	1
3	3	1	2	3	4	1	1	2	2	1	1	1	2	1
2	2	2	1	3	1	2	1	1	1	1	1	1	2	2
2	1	1	2	3	1	2	1	2	3	1	1	1	1	1
3	3	1	2	1	3	3	3	3	1	1	1	1	1	1
1	1	1	1	2	3	3	1	3	3	1	1	1	2	1
1	2	2	2	3	1	3	3	1	2	2	1	1	1	2
2	2	1	1	2	1	1	2	3	2	1	1	2	2	1
2	3	1	2	1	3	2	3	2	3	1	1	1	1	1
2	3	1	1	2	4	2	3	3	2	1	1	1	1	1
1	1	2	2	1	1	3	1	2	2	1	1	1	1	1
2	3	1	1	2	3	2	2	1	1	1	1	1	1	1
2	3	2	1	2	4	2	3	3	1	1	1	1	1	1
3	2	1	3	2	3	1	1	2	3	1	1	2	1	1
3	3	1	2	1	1	3	2	1	3	1	1	1	1	1
1	2	1	1	3	2	3	3	1	2	1	1	1	2	1
1	1	2	2	3	2	2	2	1	1	1	1	1	2	1
3	3	1	1	3	3	1	1	3	3	1	2	1	1	1
1	2	1	2	1	4	3	3	3	1	1	1	1	1	2
2	3	1	2	2	4	3	3	2	1	1	1	1	1	1
1	2	2	1	2	3	3	2	2	1	1	1	1	2	1
3	3	1	2	3	4	3	1	3	3	1	1	1	2	1
1	2	2	2	1	3	3	2	3	2	1	1	1	1	1
2	3	1	1	1	3	3	3	1	2	1	1	1	1	1
2	1	1	3	1	2	3	1	1	3	1	1	1	1	1
3	2	2	2	2	1	2	2	1	2	1	1	1	1	1
3	2	2	2	2	1	2	1	3	2	1	1	1	1	1
1	2	1	2	3	1	3	2	3	2	1	1	1	2	1
2	2	1	2	3	1	3	3	2	1	1	1	1	1	1
2	3	1	1	2	2	1	2	2	1	1	1	1	1	1
1	1	1	1	3	4	2	3	2	2	1	1	1	2	1
1	1	2	2	3	1	2	1	2	1	1	1	1	2	1
2	1	2	1	3	1	1	1	2	2	1	2	1	1	1
2	2	2	1	2	1	3	3	1	1	1	1	1	2	1
1	2	2	2	1	4	1	3	2	1	1	1	1	2	1
3	3	1	2	1	3	3	2	3	1	1	1	1	1	2
2	1	1	1	3	1	1	1	3	2	1	1	1	2	1
2	2	2	2	3	1	1	1	3	1	1	1	1	2	1
1	2	1	3	2	1	2	2	2	2	1	1	1	1	1
3	1	1	2	1	2	3	2	1	2	1	1	1	1	2
3	1	1	2	2	3	2	3	2	1	1	1	1	1	1
3	1	2	2	3	2	3	2	2	1	1	1	1	2	1
2	2	2	1	2	3	3	2	2	1	1	1	1	1	1
1	2	1	1	2	1	3	1	2	1	1	1	1	2	1
3	1	2	1	2	1	1	3	2	2	1	1	1	1	1
1	3	1	3	2	2	2	1	2	1	1	1	1	1	1
2	3	1	2	3	2	1	2	2	2	1	2	1	1	1
2	2	1	3	3	2	1	3	2	2	1	1	1	1	1
3	2	1	1	3	4	2	1	2	3	1	1	1	1	1
3	2	2	3	1	3	3	3	2	1	1	1	1	1	1
1	1	1	2	3	4	3	1	2	2	2	1	1	2	1
1	2	2	2	2	3	2	2	2	1	1	1	1	1	1
3	2	2	1	2	3	2	3	1	1	1	1	1	1	1
3	3	1	2	3	4	3	3	2	1	1	1	1	2	1
1	1	1	2	1	3	3	3	1	1	1	1	1	1	1
2	1	2	1	3	4	2	2	2	2	1	2	2	1	1
1	1	2	3	1	3	3	2	2	1	1	1	1	1	1
1	3	2	2	1	3	3	3	2	2	2	1	1	1	1
1	1	2	1	3	1	3	3	2	1	1	1	1	1	1
2	1	2	1	1	4	3	3	2	2	1	1	1	1	1
1	1	2	1	1	3	3	3	2	1	1	1	1	1	2
1	1	1	1	2	4	1	2	1	3	1	1	1	1	1
1	3	2	2	1	3	3	3	2	1	1	1	1	1	1
1	1	2	1	3	1	1	1	2	1	1	1	1	2	1
2	2	1	2	3	2	1	1	2	2	2	1	1	2	1
1	2	2	3	3	3	2	3	2	2	1	1	1	2	1
2	2	2	2	1	3	3	3	2	1	1	1	1	1	1
2	2	1	3	1	2	1	2	2	1	1	1	1	1	1
3	2	2	1	1	3	3	3	3	1	1	1	1	1	1
1	1	2	2	2	1	2	3	2	1	1	1	1	1	1
2	2	1	1	3	2	3	3	2	1	1	1	1	1	1
3	1	2	1	3	1	1	1	3	1	1	1	1	2	1
1	3	1	3	1	3	3	3	2	1	1	1	1	1	1
2	1	1	2	3	1	1	1	3	3	2	1	1	2	1
3	2	1	2	3	3	3	3	3	1	2	2	1	1	1
1	2	2	1	2	2	1	3	1	1	1	1	1	2	1
3	3	1	2	3	2	1	3	3	2	1	1	1	1	1
3	1	1	2	3	4	1	1	2	1	1	1	1	2	1
2	1	1	2	1	3	2	3	1	2	1	1	1	1	1
3	3	2	2	1	4	3	3	3	2	1	1	1	1	1
1	1	2	1	2	1	1	1	2	1	1	1	1	2	1
2	1	1	1	1	3	3	3	1	1	1	1	1	1	1
3	2	2	3	2	2	1	1	2	2	1	2	1	2	1
1	1	2	2	3	1	2	1	2	2	1	1	1	2	1
1	1	2	1	3	1	3	2	2	1	1	1	1	1	1
1	1	2	1	2	4	1	3	3	3	1	1	1	2	1
2	2	2	1	3	1	3	1	1	1	1	1	1	2	2
3	3	2	1	1	1	3	3	3	2	1	1	1	1	1
2	3	2	2	3	3	3	2	1	1	1	1	1	1	1
2	3	1	2	3	2	2	1	2	1	1	1	1	1	1
1	1	1	1	3	2	2	2	2	1	1	1	1	2	1
1	1	2	2	3	1	1	1	1	2	1	1	1	2	1
1	3	1	2	1	3	3	3	2	2	1	1	1	1	1
2	2	1	3	3	1	1	1	2	1	1	1	1	1	1
2	2	1	2	2	1	1	2	2	2	2	1	1	1	1
1	1	1	1	2	3	3	3	2	2	1	1	1	2	1
3	1	1	2	1	3	3	2	1	2	1	1	1	1	1
1	2	1	2	3	4	2	2	2	3	1	1	1	2	1
1	1	1	1	3	2	1	1	2	1	1	1	1	2	1
2	1	1	2	1	1	1	1	2	1	1	1	1	1	1
3	1	1	2	3	1	3	1	2	3	1	1	1	2	1
2	3	1	3	3	3	3	3	3	2	1	1	1	1	1
3	3	1	1	3	3	2	1	1	1	1	1	1	2	1
3	2	1	2	3	1	2	3	3	1	1	1	1	1	1
3	1	1	2	2	4	3	3	3	1	1	1	1	1	1
1	1	1	2	1	3	2	3	2	3	1	1	1	1	2
2	2	1	2	2	1	3	3	2	2	1	1	1	2	1
3	2	1	1	3	1	1	1	3	1	1	1	1	2	1
2	3	1	3	2	2	1	3	2	1	1	1	1	1	1
2	2	2	2	1	1	2	2	2	1	1	1	1	1	1
1	1	2	2	3	4	2	1	1	1	1	1	1	2	1
3	3	1	2	2	1	2	3	2	1	1	1	1	2	2
1	1	2	1	1	3	2	3	2	3	1	1	1	1	1
1	1	2	2	2	1	2	2	2	1	2	1	1	2	2
3	3	1	1	2	1	2	3	2	2	1	1	1	1	1
3	3	1	2	2	2	1	2	1	2	1	1	1	1	1
1	1	2	3	3	4	2	1	2	1	1	1	1	1	1
3	2	1	3	2	2	1	1	2	3	1	2	1	2	1
2	3	1	3	1	3	3	3	2	1	1	1	1	1	1
1	3	2	1	3	2	2	1	2	1	1	1	1	1	1
3	3	1	2	3	4	2	1	3	1	1	1	1	1	1
3	1	2	2	3	4	1	3	2	1	1	1	1	2	1
2	2	1	2	2	3	2	1	2	1	1	1	1	1	1
2	2	1	2	2	2	2	1	1	1	2	1	1	1	1
2	1	2	1	1	2	2	2	2	1	1	1	1	1	1
2	1	2	2	1	4	3	2	1	1	1	1	1	1	1
2	3	1	2	3	2	2	1	2	1	1	1	1	1	1
3	2	1	2	2	4	1	3	2	1	1	1	1	1	2
1	1	1	2	1	2	2	2	2	3	1	1	1	1	1
1	1	1	3	2	3	2	3	1	2	1	1	1	1	1
1	2	1	1	3	4	1	2	1	1	1	1	1	1	1
2	3	2	1	2	1	1	3	2	1	1	1	1	1	1
1	1	1	1	2	3	2	3	2	1	1	1	1	1	1
2	2	1	3	1	1	2	3	1	2	1	1	1	1	1
2	2	2	1	3	1	2	1	3	2	1	1	1	2	1
1	3	1	3	1	3	2	3	2	1	1	1	1	2	1
2	1	2	1	2	3	3	2	2	1	1	1	1	1	1
2	1	1	1	1	1	1	3	2	3	1	1	1	1	1
3	3	1	2	1	2	3	3	2	1	1	1	1	1	1
2	2	2	1	2	1	1	1	3	1	1	1	1	2	1
1	2	1	3	1	3	2	2	1	1	1	1	1	1	1
2	2	2	1	3	4	2	1	2	1	1	1	1	2	1
1	1	2	1	3	4	1	2	1	2	1	1	1	1	1
3	2	1	3	2	2	2	1	3	1	1	1	1	1	2
1	1	1	1	3	4	2	1	2	2	1	1	1	2	1
1	2	2	1	2	1	3	1	2	2	1	1	1	2	2
2	2	2	2	1	3	2	2	1	1	1	1	1	2	1
2	2	2	2	1	2	1	1	2	1	1	1	1	1	2
2	1	1	2	3	3	2	3	1	1	1	1	1	2	1
2	3	2	1	3	1	1	1	1	1	1	1	1	2	1
2	2	1	1	1	3	3	3	2	1	1	1	1	1	1
2	2	1	1	2	2	2	1	2	2	1	1	1	2	2
1	3	2	2	2	2	2	1	2	1	1	1	1	1	1
1	1	2	2	3	2	1	3	2	1	1	1	1	2	1
1	2	1	1	2	3	3	3	1	2	1	1	1	1	1
1	1	1	2	2	3	2	3	1	1	1	1	1	2	1
3	2	1	1	2	3	2	2	2	2	1	1	1	1	1
1	2	1	2	2	2	2	2	2	1	1	1	1	1	1
1	2	1	2	2	4	1	1	2	1	1	1	1	1	1
1	3	1	1	1	3	3	3	2	1	1	1	1	1	1
1	1	2	1	3	1	2	1	1	1	1	1	1	1	1
1	1	1	1	2	4	3	3	1	1	1	1	1	2	2
2	2	1	2	2	4	2	2	2	3	1	1	1	1	1
2	1	2	3	2	1	3	3	2	1	1	1	1	2	1
3	3	1	2	2	3	1	3	2	1	1	2	1	2	1
3	2	2	2	1	2	2	2	3	2	1	1	1	2	1
1	2	1	1	1	3	3	2	2	1	1	1	1	1	1
1	2	1	1	3	4	1	2	2	2	1	1	1	2	1
3	3	2	2	3	3	1	2	3	1	1	1	1	2	1
3	2	1	2	2	3	2	1	2	1	1	1	1	1	1
2	3	1	2	1	3	2	3	2	1	1	1	1	1	1
1	1	2	2	2	1	2	2	3	1	1	2	1	2	1
3	1	1	1	2	3	2	1	2	3	1	1	1	2	1
2	1	1	1	1	3	3	3	2	1	1	1	1	1	1
1	1	1	1	3	1	1	1	2	1	2	1	1	1	1
2	2	1	3	2	2	1	1	1	1	1	1	1	2	1
3	3	2	2	3	2	3	2	2	1	1	1	1	1	1
1	1	1	3	2	1	1	2	2	3	1	1	1	1	1
2	1	1	2	3	3	1	1	2	1	1	1	1	1	1
1	1	2	2	1	2	1	3	2	1	1	1	1	1	1
1	2	2	1	2	3	2	2	1	1	1	1	1	1	1
2	2	1	2	2	4	1	1	1	1	1	1	1	1	1
1	2	1	3	3	1	1	1	3	3	1	1	1	2	1
1	3	2	3	2	2	1	3	2	1	1	1	1	1	1
3	1	1	2	3	1	1	2	1	2	1	1	1	2	1
3	2	1	3	2	1	1	2	2	3	2	2	2	2	1
3	3	1	2	3	1	2	3	3	2	2	1	1	1	2
2	3	1	3	1	3	2	2	1	1	1	1	1	1	1
2	2	1	3	3	2	3	3	2	3	1	1	1	1	1
2	2	1	1	3	1	2	1	2	1	2	1	1	2	1
3	3	1	3	3	3	1	1	2	3	1	1	1	2	1
3	1	1	2	2	1	1	1	3	1	1	1	1	1	1
2	3	1	3	2	3	1	2	2	1	1	1	1	1	1
2	3	1	2	2	2	1	3	2	1	1	1	1	1	1
3	2	1	3	1	3	1	3	1	1	1	1	1	1	1
1	2	1	1	3	4	3	1	2	2	1	1	1	2	1
3	2	1	1	2	4	1	1	3	1	1	2	1	1	1
2	2	1	2	1	3	2	2	2	1	1	1	1	1	1
3	3	1	3	3	2	1	2	1	1	1	1	1	1	1
2	2	1	2	2	3	2	1	1	1	1	1	1	1	1
2	3	1	3	3	2	1	1	3	3	1	2	1	2	1
3	2	1	2	2	4	2	2	2	1	1	1	1	1	1
1	1	1	2	3	1	1	2	3	2	1	1	1	2	1
2	2	1	1	2	4	2	2	2	3	1	1	1	2	1
1	2	2	1	2	4	3	3	2	1	1	1	1	1	1
3	3	1	2	3	4	2	3	3	3	2	2	1	2	1
2	3	2	2	2	1	2	1	2	1	1	1	1	1	1
1	2	1	1	3	2	1	2	2	3	1	1	1	1	1
3	3	1	3	3	1	2	1	3	1	1	1	1	2	1
2	2	1	2	3	2	1	1	2	1	2	1	1	1	1
2	1	2	1	1	3	3	3	2	2	1	1	1	1	1
1	2	2	2	2	1	1	3	3	1	1	1	1	1	1
1	1	2	1	3	1	1	1	2	2	1	1	1	1	1
3	3	1	2	2	1	1	1	3	3	1	1	1	2	1
2	3	1	2	3	4	3	1	3	1	2	1	1	1	1
1	2	1	3	3	3	2	2	3	1	1	1	1	1	1
1	2	1	1	1	2	2	2	1	1	1	1	1	2	1
3	1	1	2	3	2	2	3	1	1	1	2	1	2	1
1	2	2	1	3	2	1	1	1	1	1	1	1	2	1
3	2	1	1	3	1	1	3	3	3	1	1	1	2	1
3	3	1	3	2	3	2	3	1	1	1	1	1	1	1
1	2	2	3	3	1	2	3	3	1	1	1	1	2	1
2	2	2	1	2	2	2	2	1	1	1	2	1	1	1
1	1	2	1	3	4	2	2	1	1	1	1	1	1	1
1	1	2	2	1	3	2	3	2	1	1	1	1	1	1
2	3	1	2	3	1	3	2	3	1	1	1	1	1	1
3	2	1	1	3	1	2	1	3	3	2	1	1	2	1
2	2	2	1	3	1	1	1	2	1	1	1	1	2	2
1	1	1	1	1	4	3	3	2	1	1	1	1	1	1
1	1	1	1	3	3	2	2	2	1	1	1	1	1	1
1	1	1	1	2	4	2	2	2	1	1	1	1	2	1
1	1	1	1	3	2	1	1	2	3	2	1	1	2	1
2	1	1	1	1	3	2	3	3	2	1	1	1	1	1
2	1	1	1	3	1	3	1	3	1	1	1	1	1	1
2	2	2	2	3	1	1	2	2	3	1	1	1	1	1
2	2	1	1	3	1	1	1	2	1	1	1	1	1	1
2	1	1	3	1	3	2	1	2	2	1	2	1	1	1
3	2	1	2	2	2	3	2	2	1	1	1	1	1	1
1	2	2	1	3	3	1	2	2	3	1	1	1	2	1
3	2	1	1	3	1	3	3	3	2	2	1	1	1	2
1	1	1	3	1	2	2	3	2	2	1	1	1	1	1
2	2	2	1	3	4	1	2	2	2	2	1	1	2	1
1	1	1	1	3	1	1	2	2	2	2	1	1	2	1
1	1	1	3	3	4	1	1	3	2	1	1	1	2	1
1	2	1	3	1	2	2	3	1	1	1	1	1	1	1
1	1	1	3	2	2	3	2	2	1	1	1	1	1	1
3	2	2	2	3	2	1	1	2	2	2	2	2	2	1
1	2	2	1	2	3	3	2	2	1	2	1	1	1	1
2	2	1	2	1	1	3	3	3	2	1	1	1	1	1
1	1	2	2	3	1	2	3	2	2	1	1	1	2	1
1	1	2	2	2	3	2	3	2	1	1	1	1	2	1
2	2	1	2	3	3	2	2	2	3	1	1	2	1	1
3	3	1	1	2	4	3	2	2	1	1	1	1	1	1
3	2	2	1	3	1	2	2	3	3	1	2	1	2	1
3	1	2	1	1	2	2	2	2	1	1	1	1	1	1
1	1	2	2	3	2	1	2	2	2	1	1	1	1	1
2	2	2	1	1	4	2	1	2	1	1	1	1	1	1
3	2	1	2	3	1	1	3	2	3	1	1	1	1	1
3	2	1	1	3	1	3	1	1	2	1	2	1	1	1
1	1	1	2	2	3	3	2	1	1	1	1	1	1	2
1	2	1	2	3	1	1	2	3	2	1	1	1	2	1
2	2	1	3	3	2	1	2	1	1	1	1	1	1	1
2	1	1	2	2	3	3	3	2	3	1	1	1	1	1
2	1	1	2	1	1	2	1	2	1	1	1	1	1	1
2	2	2	2	3	1	3	1	3	1	1	1	1	1	1
3	3	1	3	2	1	1	2	1	1	1	1	1	1	1
3	3	1	1	3	2	3	3	2	1	1	1	1	1	1
3	3	1	3	2	1	1	2	2	2	1	1	1	1	1
3	2	1	1	1	1	1	2	1	3	1	1	1	1	1
1	1	1	1	3	1	2	3	1	1	1	1	1	2	1
2	2	1	1	3	3	1	1	1	2	1	1	1	2	1
2	3	1	2	3	4	2	2	1	2	1	1	1	1	1
1	2	2	1	2	1	2	2	1	2	1	1	1	1	1
2	3	1	2	2	3	2	3	2	1	1	1	1	1	1
2	3	1	1	2	4	1	1	3	1	1	1	1	2	1
2	2	2	1	2	3	1	3	3	1	1	1	1	2	1
1	3	1	2	1	1	2	3	3	1	1	1	1	1	1
3	3	1	2	2	4	1	1	3	1	1	1	1	2	1
3	3	1	3	1	2	2	2	2	1	1	1	1	1	1
2	2	1	1	2	2	1	1	1	3	1	1	1	1	1
3	1	1	1	1	3	2	3	2	3	1	2	1	1	1
2	2	1	1	1	1	3	3	2	1	2	1	1	1	1
3	3	1	2	3	3	3	1	3	3	1	1	1	1	1
1	1	1	1	3	2	1	1	2	2	1	1	1	2	1
2	2	1	2	2	2	3	2	2	1	1	1	1	2	1
1	2	1	2	1	3	2	3	2	1	1	1	1	1	1
3	2	1	1	3	4	1	1	1	2	1	2	1	2	1
1	2	1	3	2	3	1	1	1	2	1	1	1	2	1
2	2	1	2	2	2	3	3	2	2	1	1	1	1	1
1	1	1	3	1	1	1	2	1	1	1	1	1	2	1
3	2	2	3	3	1	3	1	2	1	1	1	1	2	1
1	1	2	1	3	1	3	2	2	1	1	1	1	1	1
1	2	1	3	2	4	1	1	2	1	1	1	1	1	1
2	2	1	1	3	4	1	3	1	2	1	1	1	2	1
3	1	2	2	3	4	2	1	3	3	1	1	1	2	1
1	2	2	1	2	1	3	3	2	2	1	1	1	2	1
1	1	1	1	1	2	1	3	1	2	1	1	1	1	1
1	1	1	2	2	1	1	1	2	3	1	1	1	2	1
3	1	2	1	1	1	3	3	2	1	1	1	1	1	1
3	2	2	2	1	1	3	3	3	2	2	1	1	1	1
3	3	2	3	2	2	3	3	2	2	1	1	1	1	1
1	2	1	2	3	2	2	3	2	1	1	1	1	1	1
1	1	2	1	1	3	3	3	1	2	1	1	1	1	1
3	2	2	1	3	1	1	2	3	1	2	2	1	1	1
1	2	2	2	2	3	1	2	2	1	1	1	1	1	1
2	1	1	1	2	4	3	3	2	2	1	1	1	1	1
1	2	1	2	3	2	1	2	2	1	1	1	1	1	1
3	1	1	1	2	3	2	3	1	3	1	1	1	1	1
3	2	2	2	3	1	2	2	3	2	1	2	1	1	1
1	2	1	2	3	3	2	3	2	2	1	1	1	2	1
2	3	2	1	2	3	1	2	2	1	1	1	1	1	2
1	1	2	1	2	3	3	1	2	2	1	1	1	2	1
3	1	1	1	2	2	1	2	3	1	1	1	1	1	1
1	2	2	1	1	4	1	1	2	1	1	1	1	1	1
3	3	1	2	2	4	2	2	1	1	1	1	1	1	1
2	1	1	2	3	1	2	1	1	2	1	1	1	2	1
3	3	2	1	2	1	3	2	2	1	1	1	1	2	1
3	3	1	2	2	1	1	1	2	1	1	1	1	1	1
2	1	2	2	2	1	2	1	3	2	1	1	1	1	1
1	2	1	2	1	2	3	1	1	1	1	1	1	1	1
3	2	2	1	2	1	3	1	3	1	1	1	1	2	1
2	1	1	3	2	2	3	3	2	1	1	1	1	1	1
2	2	2	1	2	1	2	2	2	1	1	1	1	1	1
2	3	1	2	3	1	1	1	1	1	1	1	1	1	1
2	3	2	2	1	3	3	3	2	1	1	1	1	1	1
2	1	2	1	3	2	1	2	2	1	1	1	1	1	2
1	1	1	1	1	2	2	2	2	1	1	1	1	1	1
3	1	1	1	3	4	1	1	2	3	1	2	1	2	2
3	2	1	3	1	3	3	3	2	1	1	1	1	1	1
2	1	1	2	3	1	1	3	1	1	1	1	1	2	1
3	3	1	3	2	2	2	1	2	1	1	1	1	1	1
1	3	2	3	1	2	2	3	2	1	1	1	1	1	1
3	1	2	2	2	1	1	3	3	3	1	2	1	1	1
3	3	1	3	2	1	3	3	1	1	1	1	1	2	1
2	2	2	2	3	2	2	3	3	1	1	1	1	1	1
2	1	1	2	2	3	1	3	2	1	1	1	1	1	1
2	1	1	2	3	2	1	3	2	1	1	1	1	2	1
2	3	1	3	2	2	2	3	2	1	1	1	1	2	1
3	2	1	1	3	4	2	1	3	3	1	1	1	2	1
1	2	1	2	3	1	1	1	2	1	1	1	1	2	1
1	2	2	1	2	3	1	1	2	1	1	1	1	1	2
1	2	2	1	2	2	1	3	2	1	1	1	1	2	1
1	1	2	1	3	1	1	2	1	1	1	1	1	2	1
3	3	1	3	2	2	2	1	1	1	1	1	1	1	1
1	1	1	1	3	1	1	1	1	1	2	1	1	2	1
2	1	1	2	2	3	3	2	3	2	1	1	1	1	1
1	1	1	1	1	1	1	3	1	2	2	2	1	2	1
2	1	2	1	3	2	2	1	3	2	1	1	1	2	1
1	1	2	1	2	1	2	1	1	1	1	1	1	1	1
2	3	1	3	1	3	2	2	2	3	1	1	1	1	1
2	3	1	2	1	3	2	3	2	1	1	1	1	1	1
2	2	2	1	2	4	2	3	3	1	2	1	1	1	1
3	1	1	2	1	1	3	2	1	1	1	1	1	1	1
1	1	1	2	3	1	3	2	2	1	1	1	1	1	1
2	1	2	2	2	1	2	2	1	1	1	1	1	1	1
3	2	2	2	1	4	3	3	3	2	1	2	1	1	1
3	1	1	2	1	4	3	2	3	3	1	1	1	1	2
1	2	1	1	3	2	1	2	2	1	2	1	1	2	1
1	1	1	2	1	2	1	2	3	1	1	1	1	2	1
2	1	1	1	1	1	2	2	2	1	1	1	1	1	1
3	3	2	3	3	3	3	3	3	1	1	2	2	1	1
1	1	1	1	1	2	1	3	2	3	1	1	1	2	1
1	2	2	1	2	2	1	3	2	1	1	1	1	1	1
2	2	1	3	2	2	2	3	3	2	1	1	1	1	1
2	2	1	2	3	4	2	1	2	1	1	1	1	1	1
3	3	1	3	2	1	1	1	2	3	1	1	1	2	1
1	2	1	3	1	2	2	3	3	2	1	1	1	1	1
3	3	1	3	2	3	3	3	2	1	1	1	1	1	1
1	2	1	2	3	2	3	3	3	1	1	1	1	1	1
2	2	1	3	1	3	3	3	1	1	1	1	1	1	1
3	3	1	3	1	3	3	3	2	1	1	1	1	1	1
2	1	2	1	3	4	1	1	1	2	1	1	1	1	1
1	2	2	1	1	3	2	2	1	1	1	1	1	1	1
1	1	2	1	2	2	2	1	2	2	1	2	1	1	1
1	1	1	1	3	4	2	2	2	2	1	1	1	2	1
1	2	2	1	3	2	1	2	2	1	1	1	1	1	1
2	2	1	1	2	2	3	3	3	2	1	1	1	1	2
3	1	1	2	3	3	1	2	2	1	1	1	1	1	1
3	2	1	2	3	1	1	1	1	1	1	1	1	2	1
1	1	1	1	2	1	2	1	2	1	1	1	1	1	2
1	1	1	1	1	1	1	3	3	2	1	1	1	2	1
2	1	1	1	2	2	2	2	2	3	2	1	1	1	1
2	1	1	2	3	4	1	3	2	1	1	1	1	2	1
1	2	1	2	2	1	1	2	2	2	1	1	1	1	1
2	2	1	2	1	1	1	1	2	1	1	1	1	1	1
1	2	2	2	3	4	2	3	3	1	1	1	1	1	1
2	3	2	3	3	2	1	2	2	1	1	1	1	1	2
2	3	1	1	2	4	2	1	1	1	1	1	1	2	1
3	3	2	2	3	2	2	2	2	2	1	2	1	1	1
3	3	2	3	1	2	2	3	3	1	1	1	1	1	1
3	2	1	2	3	1	1	2	2	3	1	1	1	2	1
1	1	1	2	3	3	2	1	2	1	1	1	1	1	1
3	3	1	3	1	3	1	3	2	1	1	1	1	1	1
3	3	1	3	2	2	1	3	1	1	1	1	1	1	1
3	2	2	2	3	3	3	2	3	2	2	2	1	1	1
3	3	1	3	3	3	1	1	2	1	1	1	1	2	1
2	3	1	3	2	3	3	3	2	1	1	1	1	1	1
3	3	1	3	2	2	3	3	2	1	1	1	1	1	1
1	1	1	1	3	2	1	1	2	1	1	1	1	1	1
3	3	1	3	1	3	3	3	3	3	1	1	1	1	1
1	2	1	1	3	4	1	3	2	2	2	1	1	1	1
1	1	1	1	3	2	1	1	2	1	1	1	1	1	2
1	2	1	3	1	3	3	2	2	1	1	1	1	1	1
1	2	2	1	1	2	1	3	1	1	1	1	1	1	1
3	2	1	1	2	4	3	3	2	1	1	1	1	1	1
1	2	2	1	2	1	3	1	2	2	1	1	1	1	1
2	1	1	1	3	1	2	2	2	3	1	1	1	2	1
3	3	1	3	1	3	3	2	1	1	1	1	1	1	1
3	3	1	1	3	2	1	2	3	1	1	1	1	2	1
2	2	1	1	3	4	1	1	3	1	1	2	1	2	1
3	3	1	3	2	3	2	2	2	1	1	1	1	1	1
2	1	1	2	2	2	1	2	1	1	1	1	1	1	1
3	2	1	2	3	4	1	1	1	1	1	1	1	1	1
3	1	2	1	3	3	3	2	2	1	2	2	1	1	1
2	3	1	2	3	1	1	1	2	3	1	1	1	2	1
1	2	1	2	3	1	1	1	3	1	1	1	1	1	1
1	3	1	1	1	2	3	3	2	1	1	1	1	1	1
1	1	2	1	3	4	2	1	1	1	2	1	1	2	1
2	2	1	1	1	4	1	1	3	1	1	1	1	2	1
3	3	2	2	2	3	1	2	3	3	1	2	1	1	1
3	3	2	2	1	4	2	2	2	1	1	1	1	1	1
3	2	2	1	2	4	3	1	2	2	1	1	1	2	1
1	1	2	1	2	1	1	2	2	3	1	1	1	2	1
2	1	1	2	2	1	3	2	3	2	1	1	1	1	1
1	1	1	1	3	2	3	2	1	1	1	1	1	1	1
3	2	1	3	1	2	2	3	3	1	1	1	1	1	1
2	2	1	3	2	2	2	2	2	1	1	1	1	1	1
3	2	2	1	3	2	3	1	3	1	1	1	1	1	1
1	2	1	1	2	3	1	1	1	2	1	1	1	1	1
3	3	2	2	1	3	1	3	3	1	1	1	1	1	1
2	3	1	2	1	2	2	3	2	1	2	1	1	2	2
1	1	2	1	3	1	1	1	1	1	1	1	1	1	1
3	2	2	2	1	2	2	3	2	1	1	1	1	1	1
2	2	1	3	1	3	3	3	2	1	1	1	1	1	1
1	1	1	3	2	2	1	3	2	1	1	1	1	1	1
1	2	2	1	2	1	1	2	2	1	1	1	1	1	1
1	2	2	1	3	3	2	3	2	2	1	1	1	1	1
3	3	1	3	1	3	2	3	2	1	1	1	1	1	1
3	1	1	1	3	1	1	2	2	2	1	1	2	2	1
3	3	1	3	1	2	2	2	1	1	1	1	1	1	1
1	1	1	3	2	2	1	2	2	3	1	1	1	1	1
2	3	1	2	2	2	2	2	3	3	2	1	1	1	1
2	3	1	3	3	1	2	1	3	1	1	1	1	1	1
3	3	1	2	3	4	1	1	3	1	1	1	1	2	1
2	2	2	1	1	3	3	3	2	1	1	1	1	2	1
1	3	1	2	3	1	1	3	2	1	1	1	1	2	1
3	2	1	2	1	3	3	3	2	2	1	1	1	2	2
1	2	1	2	3	1	1	2	3	1	1	1	1	1	1
3	3	1	3	3	1	1	2	1	1	1	1	1	1	1
3	3	1	1	2	4	1	3	3	3	2	2	1	1	1
3	3	1	3	2	2	1	1	2	1	1	2	1	1	1
3	3	1	3	1	3	3	3	2	1	1	1	1	1	1
1	1	2	1	2	1	3	2	1	2	2	1	1	1	1
2	2	1	2	3	1	2	1	2	1	1	1	1	1	1
2	2	2	1	2	4	3	2	1	2	2	1	1	1	1
2	3	1	1	1	1	2	1	1	1	1	1	1	1	1
1	1	2	2	3	1	3	1	2	1	1	1	1	2	1
3	3	1	3	1	2	3	3	1	1	1	1	1	1	1
2	3	1	3	1	3	2	3	2	1	1	1	1	1	1
3	3	2	1	3	2	1	2	2	2	1	1	1	2	1
2	2	1	2	2	2	2	3	3	1	1	1	1	1	1
1	1	1	1	1	2	2	2	2	1	1	1	1	2	1
1	1	1	2	3	4	2	2	2	1	1	1	1	1	1
3	2	1	3	3	2	2	1	2	2	2	1	1	2	2
1	1	2	1	2	4	3	2	3	1	1	1	1	1	1
2	2	1	3	3	1	1	3	3	2	1	1	1	1	2
3	2	1	1	2	2	3	1	3	1	1	1	1	1	1
3	3	1	2	1	2	1	1	3	1	1	1	1	1	1
1	1	1	2	3	4	1	2	3	1	1	1	1	2	1
2	2	1	3	2	2	3	3	2	1	1	1	1	1	1
3	2	1	1	1	1	1	1	3	2	1	1	1	1	1
1	1	2	1	2	2	1	2	2	1	1	1	1	2	2
3	3	1	3	2	2	2	2	3	1	1	1	1	1	1
3	2	2	2	3	1	3	3	3	1	1	1	1	1	1
2	1	2	2	1	3	2	3	1	3	2	1	1	1	1
3	2	1	2	1	2	3	2	2	2	1	1	1	1	1
3	1	1	1	3	2	1	3	2	2	1	1	1	1	1
3	1	1	1	3	4	2	1	3	1	1	1	1	2	1
2	2	2	1	3	1	3	2	3	1	1	1	1	2	2
3	3	1	3	1	2	3	3	1	1	1	1	1	1	1
1	1	2	1	2	2	1	1	2	1	1	1	1	1	1
3	3	1	1	3	1	1	1	3	1	1	2	2	2	1
3	3	2	2	3	3	2	2	3	2	1	1	1	2	2
1	2	1	2	3	1	1	2	2	2	1	1	1	2	1
2	1	2	2	2	2	2	2	3	2	1	2	1	2	1
1	1	1	3	1	3	2	2	2	3	1	1	1	1	1
1	1	2	1	2	3	3	3	2	2	1	1	1	1	1
1	1	2	1	1	3	3	3	1	1	1	1	1	1	1
2	3	1	3	3	2	1	2	1	3	1	1	1	1	1
2	1	1	2	2	1	1	2	1	1	2	1	1	1	1
1	2	1	3	1	2	2	3	2	2	1	1	1	1	1
2	1	1	1	3	3	2	2	3	3	1	1	1	1	1
3	2	2	3	3	3	2	3	1	2	1	2	1	2	1
1	1	1	1	3	1	2	1	2	2	1	1	1	1	1
2	1	1	1	3	4	1	1	2	1	1	1	1	2	1
2	2	1	2	3	2	3	3	2	1	1	1	1	1	1
1	1	2	1	2	2	3	3	1	1	1	1	1	1	1
3	2	1	2	1	3	3	2	3	1	2	1	1	2	1
3	3	1	1	2	2	2	2	2	2	1	1	1	1	1
3	3	1	2	1	4	2	3	2	1	1	1	1	2	1
1	2	1	1	3	1	2	1	1	1	2	1	1	2	1
2	2	1	3	3	2	1	1	2	1	1	1	1	2	1
2	3	1	3	1	3	3	3	2	1	1	1	1	1	1
3	2	2	3	1	3	3	3	3	1	1	1	1	1	1
2	2	1	1	2	2	1	1	2	1	2	2	2	2	1
3	3	2	3	2	1	1	1	2	1	1	1	1	1	1
3	3	1	3	3	3	1	2	2	1	1	1	1	1	1
2	2	1	1	1	1	1	2	2	2	1	1	1	2	1
1	2	1	1	3	4	1	2	2	2	1	1	1	2	1
1	1	2	1	3	4	1	1	3	2	2	2	1	2	1
3	2	2	1	3	4	1	1	2	1	1	2	1	2	1
1	2	1	3	1	3	3	1	3	1	1	1	1	2	1
2	1	1	1	3	4	1	1	3	2	1	1	1	2	1
2	2	1	1	2	2	3	1	2	2	2	1	1	1	1
2	2	1	3	1	3	3	3	2	1	1	1	1	1	1
1	1	2	1	2	2	1	2	2	2	1	1	1	2	1
3	2	1	3	3	4	2	1	3	2	1	1	1	2	1
1	1	1	1	3	2	1	3	2	2	1	1	1	2	1
3	3	1	3	2	2	3	3	3	1	1	1	1	1	1
3	3	2	3	1	2	3	3	3	2	1	1	1	2	2
3	2	1	2	3	2	3	2	2	1	2	1	1	1	1
1	2	2	1	3	2	3	3	2	2	1	1	1	1	1
2	2	1	1	2	3	1	2	3	3	1	1	1	1	2
2	1	1	3	1	1	3	3	3	2	1	1	1	1	1
3	2	2	1	1	2	3	3	1	1	1	1	1	1	1
3	1	1	1	1	2	2	2	2	1	1	1	1	1	1
2	2	1	3	2	3	1	2	1	1	1	1	1	1	1
3	2	1	2	1	3	3	2	2	1	1	1	1	1	1
3	2	1	3	2	1	2	2	1	2	1	1	1	2	1
1	3	1	2	2	3	3	2	2	1	1	1	1	1	1
2	3	1	3	1	3	2	3	1	1	1	1	1	1	1
3	3	1	3	3	3	1	2	3	1	1	1	1	2	1
2	3	1	2	3	2	2	2	3	1	1	1	1	1	1
3	2	1	3	2	3	1	3	3	2	1	1	1	1	2
1	2	1	1	2	2	3	2	1	1	1	1	1	1	1
1	1	1	1	3	1	1	1	1	2	1	1	1	1	1
1	1	1	3	1	1	2	2	3	2	1	1	1	2	1
1	2	1	2	1	4	2	3	2	2	1	1	2	2	2
2	2	1	1	3	3	1	3	1	2	1	1	1	1	1
3	1	1	3	3	1	1	1	2	1	1	1	1	1	1
1	2	1	1	2	4	1	1	1	1	1	1	1	1	1
3	1	1	2	2	1	1	1	2	2	1	1	1	1	1
1	1	1	1	1	3	3	3	2	2	1	1	1	1	1
2	3	1	1	3	2	3	3	3	1	1	1	1	1	1
2	3	1	1	3	1	2	2	3	2	1	1	1	1	1
1	2	1	1	2	4	2	1	2	1	1	1	1	1	1
3	2	1	3	2	3	2	2	3	1	1	1	1	1	1
1	2	1	2	1	3	2	3	1	1	1	1	1	1	1
1	1	1	3	2	2	3	1	2	1	1	1	1	1	1
2	2	1	3	1	3	2	2	2	1	1	1	1	1	1
2	1	1	3	1	2	1	1	2	2	1	1	1	1	1
3	3	1	2	3	2	2	3	3	3	1	1	1	1	1
2	1	1	3	2	3	3	2	3	3	1	1	1	1	1
2	2	1	3	1	2	1	1	2	1	1	1	1	1	1
2	3	1	3	3	2	3	3	2	1	1	2	1	1	1
1	1	1	3	2	4	3	2	2	1	1	2	1	1	1
3	3	1	3	3	1	1	3	2	1	1	1	1	1	1
2	2	1	2	3	1	2	3	1	3	1	1	1	2	1
2	1	1	2	1	3	3	2	2	2	1	1	1	1	1
3	3	1	3	1	3	2	3	2	1	1	1	1	1	1
3	1	1	2	2	3	2	2	2	3	1	1	1	1	1
3	2	1	3	3	1	2	2	3	1	1	1	1	1	1
1	1	1	3	3	4	3	1	2	1	1	1	1	1	1
3	3	1	3	1	3	3	3	2	2	1	1	1	1	1
2	1	1	1	3	3	2	2	3	1	1	1	1	1	2
2	2	1	1	3	4	1	1	1	3	2	1	1	2	2
2	1	1	2	2	2	1	1	2	1	1	1	1	1	1
2	2	1	1	3	1	1	1	3	2	2	1	1	2	1
1	2	1	1	1	3	3	3	2	1	1	1	1	1	1
3	2	1	1	3	4	1	2	2	3	1	1	1	1	1
2	2	1	2	2	1	2	2	3	1	1	1	1	1	1
2	2	2	2	3	1	1	1	3	2	1	2	1	2	2
2	3	1	2	2	2	2	3	2	1	1	1	1	1	1
3	2	1	3	1	3	2	3	3	3	1	1	1	1	1
3	3	1	1	2	1	2	2	3	2	1	2	1	2	1
2	3	1	3	2	1	2	1	2	1	1	1	1	1	1
2	2	1	3	1	2	2	2	1	1	2	1	1	2	1
2	3	1	1	3	2	3	1	2	2	1	1	1	1	1
2	3	1	3	1	3	3	3	2	1	1	1	1	1	2
3	2	1	2	2	3	3	3	1	1	1	1	1	1	1
3	2	1	2	1	3	1	3	1	2	1	1	1	2	1
2	2	1	2	2	2	2	3	2	1	1	1	1	1	1
2	2	1	3	2	3	1	1	2	1	1	1	1	1	1
3	1	1	1	3	1	3	1	3	1	2	1	1	1	1
1	2	1	3	1	3	3	2	2	1	1	1	1	1	1
1	3	1	3	2	2	3	1	2	2	2	1	1	1	1
3	3	1	2	2	1	2	1	3	1	1	1	1	1	1
3	3	1	2	2	2	2	2	2	1	1	1	1	1	1
2	1	1	1	3	1	3	1	2	3	1	2	1	2	1
3	3	1	1	2	3	1	3	2	1	1	1	1	1	1
3	3	1	2	1	3	3	3	1	1	1	1	1	1	1
2	1	1	3	1	3	3	3	3	2	1	1	1	1	1
1	1	1	2	1	3	3	3	2	1	1	1	1	1	1
2	1	1	2	2	1	2	1	3	1	1	1	1	1	1
2	2	1	2	3	2	1	3	2	1	1	1	1	1	1
2	3	1	3	2	1	2	2	2	1	1	1	1	1	1
3	2	1	2	1	2	3	3	2	2	1	1	1	2	1
1	2	1	2	1	3	3	3	2	1	1	1	1	1	1
2	2	1	2	2	2	3	2	2	1	1	1	1	1	1
1	1	1	2	3	1	2	2	2	2	1	2	1	1	1
1	2	1	1	2	3	2	1	3	2	1	1	1	1	1
3	1	1	2	1	2	2	1	2	3	1	2	1	1	1
2	2	1	2	2	3	1	3	2	1	1	1	1	2	1
3	3	1	3	2	3	1	3	2	1	1	1	1	1	1
2	3	1	2	3	4	1	1	2	1	1	1	1	1	1
3	3	1	2	3	1	2	1	3	1	1	1	2	2	1
1	1	1	2	1	3	1	3	3	1	2	1	1	2	2
3	2	1	2	1	1	3	2	1	1	1	1	1	2	1
1	2	1	1	3	4	1	3	2	1	1	1	1	2	1
3	3	1	3	3	1	1	1	3	2	1	2	1	2	1
1	2	1	3	1	3	2	2	2	2	1	1	1	1	1
3	3	1	1	3	3	3	2	2	1	1	1	1	1	1
2	2	1	1	3	4	1	3	3	1	1	1	1	1	2
1	1	1	2	3	1	2	1	2	1	1	1	1	2	1
2	2	1	1	2	1	2	3	3	2	2	1	1	1	1
1	1	1	1	1	3	3	3	3	2	1	1	1	1	1
2	2	1	2	1	1	1	2	1	1	1	1	1	1	1
2	2	1	3	1	2	3	2	2	1	1	2	1	1	2
2	2	1	1	1	4	2	3	3	2	1	1	1	1	1
1	3	1	3	2	1	2	2	3	1	1	1	1	2	1
1	3	1	3	1	2	2	3	1	2	1	1	1	2	1
1	2	1	2	3	4	1	2	2	3	1	1	1	2	1
3	3	1	1	2	2	1	3	2	2	1	1	1	1	1
3	2	1	2	2	2	1	3	3	1	1	1	1	1	1
3	1	1	2	3	4	2	3	3	3	1	1	1	2	1
3	1	1	1	2	2	1	1	3	3	1	2	1	2	1
1	2	1	1	1	3	2	3	2	1	1	1	1	2	1
2	1	1	3	3	1	3	1	3	2	1	1	1	2	1
2	2	1	3	1	1	3	3	2	3	1	1	1	1	1
1	1	1	2	2	1	2	2	3	2	1	1	1	1	1
1	3	1	3	1	2	2	3	2	1	1	1	1	2	1
3	3	1	2	3	1	1	1	1	1	1	1	1	1	1
3	3	1	3	2	2	1	3	3	3	1	1	1	1	1
3	2	1	2	3	2	3	3	3	1	1	1	1	1	1
2	3	1	1	3	2	3	3	2	1	1	1	1	1	1
1	2	1	1	1	2	2	2	3	3	1	1	1	1	1
2	1	1	2	2	3	1	2	1	1	1	1	1	1	1
3	2	1	2	3	4	1	1	2	3	1	1	1	2	1
2	2	1	1	3	1	2	1	3	1	1	1	1	2	1
3	2	1	3	1	2	3	2	1	1	1	1	1	1	1
1	1	1	2	2	1	1	1	2	2	1	1	1	1	1
1	3	1	1	1	2	3	3	2	2	1	1	1	1	1
3	1	1	3	1	3	3	3	2	1	2	1	1	2	2
1	1	1	1	3	2	2	1	2	1	2	1	1	2	1
3	2	1	2	2	1	2	3	2	2	1	1	1	2	1
2	1	1	2	2	1	3	3	1	2	2	1	1	1	1
1	3	1	2	1	3	3	3	2	1	1	1	1	1	1
2	1	1	3	3	1	2	2	3	3	1	1	1	2	1
1	1	1	2	3	1	2	3	2	1	1	1	1	2	1
3	2	1	1	1	3	2	3	2	1	2	1	1	1	1
2	2	1	2	2	3	1	2	1	1	1	1	1	1	1
3	3	1	3	1	2	2	2	2	1	1	1	1	1	1
3	3	1	2	1	3	2	3	2	1	1	1	1	1	1
2	2	1	2	3	4	2	2	2	3	1	1	1	2	1
2	2	1	3	2	2	1	3	3	1	1	1	1	1	1
2	2	1	3	2	1	1	3	2	2	1	1	1	2	1
3	3	1	1	3	3	3	2	1	1	1	1	1	2	1
1	2	1	2	1	3	3	3	1	1	1	1	1	1	1
2	3	1	3	3	1	3	1	2	1	1	1	1	1	1
2	1	1	1	3	2	2	3	2	3	1	1	1	1	2
1	1	1	2	3	2	2	2	2	1	1	1	1	2	1
2	2	1	2	1	3	3	3	2	2	1	1	1	1	1
2	2	1	2	2	2	2	3	2	1	1	1	1	1	1
1	1	1	1	3	3	2	2	3	1	1	1	1	2	1
2	1	1	1	3	4	2	1	3	2	2	2	1	2	1
1	3	1	3	3	2	1	1	3	1	1	1	1	1	1
1	2	1	2	1	3	3	2	3	2	1	1	1	1	1
2	3	1	3	1	3	3	3	1	1	1	1	1	1	1
3	1	1	2	2	3	1	2	2	3	1	1	1	1	2
3	1	1	1	3	2	1	1	3	3	1	1	1	2	1
1	2	1	3	1	1	2	1	2	1	1	1	1	2	1
2	2	1	2	2	3	3	2	1	1	1	1	1	1	1
2	3	1	3	2	2	3	3	2	2	2	1	2	1	1
2	3	1	3	3	2	1	1	1	1	1	1	1	1	1
1	1	1	1	3	3	2	3	2	1	1	1	1	2	2
3	1	1	1	3	1	1	1	3	2	1	1	1	2	1
2	2	1	1	3	4	3	2	3	1	1	1	1	2	1
2	2	1	3	3	2	2	2	2	3	1	1	1	1	1
1	2	1	2	1	2	1	3	1	2	1	1	1	1	1
3	1	1	3	3	3	2	1	3	2	1	1	1	1	1
3	3	1	2	3	1	1	2	2	2	2	1	1	1	1
2	2	1	2	3	1	1	3	1	1	1	1	1	1	1
1	2	1	1	2	2	2	2	1	1	1	1	1	2	1
1	2	1	2	1	3	3	2	1	3	1	1	1	1	1
2	1	1	3	1	3	2	3	1	1	1	1	1	1	1
2	3	1	2	3	2	1	1	1	1	1	1	1	2	1
3	2	1	3	3	1	1	1	3	1	1	1	1	1	2
1	1	1	1	3	1	1	2	2	1	1	1	1	2	1
1	3	1	3	1	2	2	3	2	1	1	1	1	1	1
2	1	1	3	3	1	2	1	3	1	1	1	1	1	1
1	1	1	3	3	2	1	2	2	1	1	1	1	2	1
3	2	1	2	1	1	2	3	2	2	1	1	1	1	1
1	1	1	3	1	4	2	2	1	1	1	1	1	1	1
1	2	1	3	2	1	3	2	1	2	1	1	1	1	2
2	2	1	2	2	4	2	1	2	1	1	2	1	1	1
2	2	1	2	1	4	3	3	3	2	1	1	1	1	2
1	2	2	3	2	3	3	3	2	1	1	1	1	1	1
3	3	1	3	2	3	1	3	2	1	1	1	1	1	1
3	2	1	3	1	3	3	3	3	3	1	2	1	1	1
3	3	2	2	1	3	3	2	2	1	1	1	1	1	1
1	1	1	2	3	3	1	1	1	2	1	1	1	2	1
1	1	1	2	3	2	1	2	2	1	1	1	1	1	1
1	1	1	2	3	3	3	3	3	2	1	1	1	1	1
1	1	1	2	1	3	2	3	3	2	1	1	1	2	1
1	1	1	2	1	3	3	2	2	3	1	2	1	2	1
3	1	1	1	1	2	2	1	3	1	1	1	1	1	1
2	1	1	3	3	1	2	1	2	1	1	1	1	2	1
1	1	1	1	2	4	2	1	2	1	1	1	1	1	1
3	2	1	2	2	2	1	2	3	1	1	1	1	2	1
1	1	1	3	3	2	1	3	3	1	1	1	1	1	1
2	1	1	2	1	3	2	3	3	3	1	1	1	1	1
2	1	1	1	3	4	1	1	2	3	1	1	1	2	1
2	2	1	1	2	4	2	2	3	1	1	1	1	1	1
2	2	1	2	1	2	3	2	2	1	1	1	1	1	1
3	1	1	1	1	3	1	3	3	2	1	1	1	1	1
2	3	1	3	2	2	2	3	2	1	1	1	1	1	1
2	2	1	1	2	1	3	1	2	1	1	1	1	1	1
1	2	1	2	2	1	1	2	3	3	2	1	1	2	1
2	3	1	3	2	3	3	3	2	2	1	1	1	1	1
1	1	1	3	1	2	3	2	3	2	1	1	1	1	1
3	3	1	3	1	3	3	3	1	1	1	1	1	1	1
1	1	1	2	3	1	3	1	3	2	1	1	1	2	1
1	3	1	2	1	2	3	3	2	1	1	1	1	1	1
2	3	1	2	2	2	3	3	3	1	1	2	1	1	1
3	1	1	3	1	3	2	3	3	3	1	1	1	1	2
3	2	1	2	1	2	3	3	2	1	1	1	1	1	1
1	2	1	3	3	4	1	2	2	1	1	1	1	2	1
2	1	1	3	1	1	1	3	2	1	1	1	1	1	1
2	1	1	2	1	3	1	2	2	2	1	1	1	1	1
2	2	1	2	1	3	3	1	3	1	1	1	1	1	2
3	2	2	2	2	1	3	2	3	1	1	1	1	1	1
1	1	1	1	3	1	1	1	1	3	1	1	1	2	1
2	2	1	3	2	2	1	2	2	3	1	1	1	1	1
1	1	1	1	2	2	3	1	2	3	1	1	1	2	1
3	3	1	3	2	3	3	3	2	1	1	1	1	1	1
3	3	1	3	1	2	2	2	1	1	1	2	1	1	1
1	3	1	1	1	2	1	1	2	2	1	2	1	1	1
2	2	1	1	3	3	1	2	3	1	1	1	1	1	1
2	2	1	1	1	3	3	2	3	1	1	1	1	1	1
3	2	1	2	1	3	2	3	3	1	1	1	1	1	1
3	3	1	3	2	1	3	2	2	1	1	1	1	1	1
2	3	1	2	3	2	2	3	2	3	1	2	1	1	1
2	1	1	2	1	3	3	3	3	2	1	1	1	1	1
3	3	1	3	3	1	2	1	1	1	1	1	1	1	1
2	2	1	1	3	2	2	1	3	1	1	1	1	2	1
3	3	1	3	3	2	3	2	3	1	1	1	1	1	1
3	3	1	3	3	3	3	3	2	2	1	1	1	1	1
2	2	1	2	3	4	1	1	1	1	2	1	1	1	1
2	3	1	1	3	4	2	1	2	3	1	1	1	2	2
3	3	1	2	1	4	3	3	3	2	1	1	1	1	2
2	2	1	2	2	1	2	2	3	2	1	1	1	2	1
1	1	1	1	3	4	1	3	2	2	1	1	1	2	1
2	3	1	3	1	1	2	2	2	2	1	1	1	1	1
1	1	1	1	2	4	2	1	2	1	1	1	1	2	1
1	2	1	1	3	2	3	3	3	2	1	1	1	1	1
2	2	1	3	1	3	3	3	3	3	1	1	1	1	1
2	3	1	3	1	2	2	3	2	1	1	1	1	1	1
3	2	1	1	1	1	2	1	1	2	1	1	1	1	1
2	3	1	3	1	3	3	3	2	1	1	1	1	1	1
3	3	1	3	1	2	1	3	3	2	1	1	1	1	1
2	1	1	1	3	4	3	1	2	3	1	1	1	2	1
3	3	1	2	1	3	3	1	1	1	1	1	1	1	1
2	2	1	3	3	2	1	1	3	1	1	1	1	1	1
2	2	1	3	3	3	1	1	3	2	1	1	1	1	1
2	3	1	2	2	2	2	1	3	1	1	1	1	2	1
2	2	1	1	3	2	3	1	3	1	1	1	1	1	1
2	1	1	1	1	2	3	2	3	1	1	1	1	1	1
3	3	1	1	3	1	1	1	3	1	1	2	1	2	1
2	2	1	1	2	1	1	1	2	3	1	1	1	2	1
3	1	1	2	2	3	3	2	2	3	1	1	1	1	1
1	1	1	1	2	2	3	2	3	2	2	1	1	2	2
2	2	1	2	1	4	3	1	3	1	1	2	1	2	1
3	2	1	3	2	2	1	2	2	3	1	1	1	2	1
2	3	1	3	1	3	3	3	2	1	1	1	1	1	1
3	1	1	2	3	3	3	2	2	3	1	1	1	1	1
3	3	1	1	1	4	3	1	3	3	1	1	1	1	1
3	3	1	3	2	3	3	3	2	1	1	1	1	1	1
3	2	1	3	2	2	2	3	1	3	2	2	1	2	2
1	1	1	3	3	2	1	1	1	1	1	1	1	1	1
1	1	1	1	1	4	3	1	1	2	1	1	1	1	1
2	2	1	1	3	3	1	3	3	2	1	1	1	2	1
3	3	1	3	3	2	2	3	3	1	1	1	1	1	2
3	1	1	3	2	1	2	2	2	1	1	1	1	2	1
2	3	1	2	2	3	3	3	1	1	1	1	1	1	1
3	3	1	2	1	3	2	3	2	1	1	2	1	1	1
3	2	1	3	1	3	2	3	3	1	1	2	1	1	1
3	3	1	1	3	4	3	2	2	1	2	1	1	1	1
1	2	1	1	1	3	1	3	2	1	1	1	1	1	2
2	2	1	3	3	1	1	3	1	2	1	1	1	1	1
3	3	1	3	2	3	2	2	3	1	1	1	1	1	1
1	2	1	2	3	1	2	1	2	1	2	1	1	2	1
3	1	1	1	2	4	1	1	2	1	1	1	1	2	1
1	2	1	3	1	3	2	1	3	1	1	1	1	1	1
1	1	1	3	2	3	1	2	3	2	1	1	1	1	1
3	1	1	2	3	1	1	3	3	1	1	1	1	2	1
2	3	1	3	1	3	2	3	2	1	1	1	1	1	1
2	2	1	2	2	1	2	2	1	1	1	1	1	2	1
2	3	1	1	1	3	3	1	2	1	1	1	1	1	1
2	1	1	1	2	4	2	3	2	1	1	1	1	1	1
1	2	1	2	1	3	3	3	2	1	1	1	1	1	1
2	2	1	3	3	1	1	1	3	2	1	1	1	1	1
3	3	1	3	2	2	1	2	3	1	1	2	1	1	1
3	3	1	3	1	1	2	3	2	3	1	1	1	1	1
1	2	1	2	1	2	1	3	2	1	1	1	1	1	1
3	3	1	3	1	2	3	3	3	1	1	1	1	1	1
3	3	1	2	3	4	1	1	3	1	1	1	1	1	1
2	3	1	1	3	4	1	1	1	2	1	2	1	2	1
2	3	1	3	3	2	1	3	2	1	1	1	1	1	2
3	2	1	2	1	2	3	1	2	3	1	1	1	1	1
3	2	1	1	2	2	2	1	1	2	1	1	1	1	1
2	1	1	2	1	2	2	2	2	1	1	1	1	1	1
3	1	1	2	3	2	3	2	3	3	1	1	1	2	1
3	3	1	3	2	2	1	2	2	1	1	1	1	1	1
3	3	1	3	3	3	2	1	1	1	1	1	1	1	1
2	3	1	3	1	3	3	3	1	2	2	1	2	1	1
3	3	1	3	2	1	3	2	3	1	1	1	1	2	1
3	2	1	1	3	1	1	1	2	1	1	1	1	2	1
1	1	1	2	3	3	1	1	3	2	1	1	1	2	1
3	1	1	2	1	3	1	3	2	1	1	1	1	1	1
3	2	1	2	3	2	3	1	3	3	1	1	1	2	1
2	1	1	1	3	3	1	3	3	2	1	1	1	2	1
3	1	1	2	2	2	1	2	3	2	1	1	1	1	1
2	2	1	3	2	1	3	3	1	1	1	1	1	1	1
3	3	1	2	3	1	3	2	2	1	1	1	1	1	1
3	2	1	3	2	3	2	3	3	1	1	1	1	1	1
3	1	1	1	1	1	3	2	3	2	1	1	1	2	1
3	3	2	1	3	4	3	3	2	1	1	1	1	1	2
2	3	1	3	1	2	2	2	3	1	1	1	1	1	1
2	3	1	3	2	2	2	1	1	1	1	1	1	1	1
3	3	1	3	1	3	3	3	2	1	1	1	1	1	1
2	2	1	3	1	3	3	3	2	1	1	1	1	1	1
2	1	1	2	1	4	1	1	2	3	1	1	1	1	1
3	2	1	1	1	2	2	3	2	2	1	1	1	2	1
2	3	1	1	3	1	2	1	3	1	1	1	1	2	2
1	1	1	1	3	1	2	1	3	3	1	1	1	2	2
3	2	1	1	1	3	1	1	2	1	1	1	1	1	1
3	1	1	1	3	1	1	2	1	1	1	1	1	1	1
3	3	1	3	2	1	2	2	1	1	1	2	1	1	1
3	3	1	1	2	3	3	2	2	1	1	1	1	1	1
1	1	1	3	1	3	3	3	1	1	1	1	1	1	1
3	3	1	3	1	2	3	2	2	2	1	1	1	2	1
1	1	1	3	1	3	2	2	1	1	1	1	1	1	1
3	3	1	2	2	3	2	2	3	3	1	1	1	1	2
2	3	1	3	2	1	1	3	2	1	1	1	1	1	1
1	3	1	2	2	1	1	1	3	3	1	1	1	2	1
1	1	1	2	2	1	3	1	2	1	1	1	1	1	1
2	3	1	3	3	1	3	1	3	3	1	1	1	1	1
1	2	1	1	3	4	1	1	3	1	1	1	1	2	1
1	2	1	2	2	1	1	1	2	1	2	1	1	1	1
1	1	1	2	3	1	1	2	2	1	1	1	1	2	1
3	3	1	3	1	2	3	3	3	1	1	1	1	1	1
2	2	1	2	2	1	3	2	2	1	1	1	1	1	1
3	3	1	3	3	2	3	3	2	1	1	1	1	1	1
2	2	1	2	3	1	1	2	3	2	1	1	1	1	1
3	2	1	1	2	3	3	1	3	1	1	1	1	1	1
3	2	1	3	2	2	2	3	1	2	1	1	1	1	1
3	3	1	1	3	4	1	3	2	1	1	1	1	2	1
3	3	1	3	2	4	3	3	3	1	1	1	1	1	1
3	2	1	2	2	3	3	3	3	2	1	1	1	1	1
3	2	1	1	1	4	3	3	3	2	1	1	1	1	1
1	2	1	3	2	3	2	3	1	1	1	1	1	1	1
3	3	1	1	1	3	2	3	1	1	1	1	1	1	1
1	2	1	1	1	4	2	2	2	1	1	1	1	1	1
2	3	1	2	1	3	2	3	1	1	1	1	1	1	1
3	3	1	2	1	4	3	3	1	1	1	1	1	1	1
3	2	1	2	3	1	1	1	3	1	1	1	1	2	1
2	2	1	2	1	2	2	3	2	1	1	1	1	1	1
2	3	1	2	3	3	1	3	1	1	1	1	1	1	1
2	2	1	2	2	3	2	2	2	1	1	1	1	1	1
1	2	2	1	2	2	1	3	3	1	1	1	1	1	1
2	3	1	2	3	2	1	1	2	1	1	1	1	1	1
2	2	1	1	2	2	3	1	3	1	1	1	1	2	1
1	1	1	2	1	3	3	2	2	1	1	1	1	1	1
2	1	1	2	3	1	1	2	3	3	1	1	1	1	1
2	3	1	2	1	2	1	2	1	1	1	1	1	1	1
1	1	1	3	1	2	1	1	3	3	1	1	1	2	1
1	2	1	2	1	3	1	2	1	1	1	1	1	1	1
2	2	1	3	1	3	3	3	2	2	1	1	1	1	1
3	3	1	3	2	3	3	2	2	1	1	1	1	1	1
1	1	1	1	2	1	1	1	3	3	1	1	1	2	1
3	2	1	2	3	2	2	1	3	2	1	1	1	1	1
1	1	1	2	3	4	2	1	3	1	1	1	1	1	1
1	1	2	3	3	2	1	2	2	2	1	1	1	1	1
3	1	1	1	3	4	3	2	2	3	1	2	1	1	2
1	3	1	3	2	3	2	1	2	1	1	1	1	2	1
2	2	1	3	1	3	3	2	2	1	1	1	1	1	1
3	3	1	1	2	4	2	1	3	1	1	1	1	1	1
3	3	1	3	1	1	1	1	3	1	1	1	1	1	1
3	3	1	3	1	1	2	1	2	1	1	1	1	1	1
2	2	1	1	2	1	1	1	3	3	1	1	1	1	1
1	2	1	1	2	3	2	2	3	2	1	1	1	2	1
3	2	1	1	3	4	1	1	3	2	1	1	1	1	1
2	1	1	2	1	3	2	2	2	1	1	1	1	1	2
1	1	1	3	1	2	2	3	3	1	1	1	1	1	1
2	3	1	2	3	3	1	2	2	2	1	1	1	1	1
3	3	1	3	3	1	1	1	3	2	1	2	1	1	1
2	3	1	3	1	3	3	3	2	1	1	1	1	1	1
2	2	1	1	3	4	2	2	1	3	1	1	1	1	1
3	3	2	3	1	3	3	2	3	1	1	1	1	1	1
1	1	1	1	2	2	3	2	3	3	2	1	1	2	1
3	3	1	3	1	3	3	3	2	1	1	1	1	1	1
3	2	1	3	1	2	1	2	2	3	1	1	1	1	1
2	2	1	1	2	2	2	3	2	3	1	1	1	1	1
2	2	1	1	1	2	3	2	1	1	1	1	1	1	1
3	2	1	2	3	4	2	2	2	1	1	2	1	2	1
2	3	1	2	2	3	2	2	1	1	1	1	1	1	1
2	2	2	1	3	1	3	3	3	2	1	1	1	2	1
1	1	2	1	3	1	1	1	3	2	1	1	1	2	1
3	3	1	2	1	3	1	3	2	1	1	1	1	1	1
2	1	1	2	3	1	2	1	3	3	2	1	2	2	1
2	2	1	2	3	4	3	2	2	2	1	1	1	2	1
1	2	1	1	3	2	2	1	3	2	1	1	1	1	1
3	2	1	3	1	3	1	2	2	3	1	1	1	1	1
2	3	1	2	3	1	3	2	3	1	1	1	1	1	1
3	3	1	3	2	2	1	2	1	1	1	1	1	1	1
2	2	1	3	3	1	3	2	2	1	1	1	1	1	1
2	1	1	1	2	4	2	3	3	3	1	1	1	2	1
3	3	1	2	3	1	1	2	3	1	1	1	1	1	1
2	3	2	2	1	3	3	3	1	1	1	1	1	1	1
1	1	1	2	2	1	1	1	2	2	1	1	1	1	1
1	3	1	3	1	2	2	3	1	1	1	1	1	2	1
3	3	1	3	2	3	3	2	1	1	1	1	1	1	1
3	3	1	3	3	2	1	2	2	1	1	1	1	1	1
3	3	1	3	2	3	1	3	1	1	1	1	1	1	1
3	2	1	2	3	2	1	2	3	3	1	1	1	1	1
2	3	1	3	3	1	1	1	2	1	1	1	1	1	1
3	3	1	3	3	2	1	3	2	1	1	1	1	1	1
2	3	1	3	2	1	2	2	2	1	1	1	1	2	1
2	2	1	2	1	1	2	1	2	1	1	1	1	1	1
3	3	1	1	1	3	3	3	2	3	1	1	1	1	1
2	1	1	1	3	1	3	1	2	1	1	1	1	1	1
3	1	1	2	3	2	3	1	2	1	1	1	1	1	1
3	2	1	2	3	1	3	1	1	1	1	1	1	1	1
3	3	1	3	1	2	3	2	2	1	1	1	1	1	1
2	3	1	2	1	2	3	3	1	1	1	1	1	1	1
2	2	1	3	3	1	3	3	2	2	2	1	1	1	1
3	1	1	2	2	4	2	2	2	1	1	1	1	1	1
2	3	1	1	1	4	3	1	1	1	1	1	1	1	2
2	3	1	3	1	3	2	2	3	1	1	1	1	2	1
1	2	1	3	2	2	3	3	2	2	1	1	1	1	1
3	3	1	2	2	1	3	1	1	1	1	2	1	2	1
3	3	1	3	1	3	3	3	1	1	1	1	1	1	1
1	1	1	1	1	3	3	3	1	1	1	1	1	1	1
3	2	1	3	2	3	2	3	2	1	1	1	1	1	1
1	1	1	2	3	1	2	1	3	3	1	1	1	2	1
3	3	1	3	1	3	2	3	1	1	1	1	1	1	1
3	3	1	2	3	4	1	2	2	1	1	1	1	1	1
2	3	1	2	3	1	2	2	1	1	1	1	1	1	1
1	1	1	3	1	2	2	2	3	1	1	1	1	1	1
1	1	1	1	3	1	1	1	2	2	1	1	1	1	1
2	3	1	3	1	3	1	3	2	1	1	1	1	1	1
3	3	1	1	2	3	1	3	3	3	1	1	1	2	1
2	2	1	2	3	1	1	2	3	2	1	1	1	1	2
3	1	1	2	1	1	3	1	3	3	1	2	2	1	1
1	2	1	1	3	1	1	1	3	1	1	1	1	1	1
1	1	1	1	3	4	1	1	2	2	1	1	1	2	1
1	1	1	1	2	2	2	2	1	3	1	1	1	2	1
3	3	1	2	3	2	2	2	1	1	1	1	1	1	1
1	1	1	2	3	2	1	3	2	2	1	1	1	1	1
2	3	1	3	3	3	1	1	2	1	1	1	1	1	1
3	2	1	3	1	3	3	3	2	1	1	1	1	1	1
1	2	1	1	3	1	1	1	2	2	1	1	1	2	1
3	3	1	3	1	3	2	3	2	1	1	1	1	1	1
3	2	1	2	1	2	2	3	1	3	1	1	1	1	1
1	2	2	3	2	3	3	3	2	1	1	1	1	1	1
3	2	1	3	1	3	3	3	3	3	1	2	1	1	1
2	1	1	3	3	3	2	1	3	1	1	1	1	1	1
3	1	1	2	1	3	3	3	3	1	1	1	1	1	1
1	2	1	3	1	3	2	3	1	1	1	1	1	1	1
1	1	1	1	3	3	1	1	3	1	1	1	1	2	1
1	2	1	3	3	1	3	3	3	1	1	1	1	1	1
3	3	1	3	2	3	1	1	1	1	1	1	1	1	1
2	2	1	3	1	3	2	3	1	2	1	2	1	1	1
3	3	1	2	3	1	3	1	3	1	1	1	1	2	1
3	3	1	3	3	2	2	2	3	1	1	1	1	2	1
3	3	1	3	2	3	2	2	3	1	1	1	1	2	1
1	1	1	1	3	1	1	2	2	2	1	2	1	2	1
1	1	1	1	3	4	2	1	3	3	1	1	1	1	1
1	1	1	2	3	1	1	1	2	2	2	1	1	2	2
1	2	1	1	3	1	1	2	2	2	2	1	1	2	1
2	2	1	1	3	1	3	2	1	3	2	2	1	2	1
3	3	1	3	3	1	2	1	2	1	1	1	1	1	1
2	2	1	3	2	3	1	3	3	1	1	2	1	1	1
3	2	1	3	1	3	2	3	2	1	1	1	1	1	1
1	1	1	1	1	2	2	3	2	1	1	1	1	2	1
1	2	1	1	2	1	2	1	2	2	1	1	1	2	1
2	2	1	1	3	1	3	1	2	1	1	1	1	2	2
3	3	1	3	2	2	2	3	2	1	1	1	1	1	1
3	3	1	3	3	1	2	1	2	3	1	2	1	1	1
3	3	1	3	2	4	1	1	3	2	1	1	1	1	1
3	3	1	3	1	2	2	1	1	1	1	1	1	1	1
2	3	1	3	3	2	1	2	3	1	1	2	1	1	1
2	2	1	3	3	2	2	3	2	2	1	1	1	2	1
3	1	1	2	3	1	2	2	2	3	1	1	1	2	1
3	3	1	3	3	1	3	2	2	1	1	2	1	2	1
2	3	1	3	1	2	3	3	2	1	1	1	1	1	1
3	2	1	3	1	3	1	2	1	1	1	1	1	1	1
3	3	1	3	2	3	2	1	3	1	1	1	1	1	1
1	2	1	3	1	3	2	2	2	1	1	1	1	1	1
2	3	1	3	3	2	1	3	1	1	1	1	1	1	1
3	2	1	3	1	1	2	1	1	1	1	1	1	1	1
3	2	1	2	3	1	3	2	2	1	1	1	1	2	1
1	1	1	2	2	3	3	2	1	1	1	1	1	2	1
3	3	1	3	3	1	3	3	3	1	1	1	1	2	1
1	1	1	3	3	2	2	2	2	2	1	1	1	1	1
3	3	1	3	1	3	3	2	2	1	1	1	1	1	1
3	3	1	1	3	3	3	1	1	1	1	1	1	1	2
3	3	1	3	1	2	3	2	3	1	1	1	1	1	1
2	2	1	2	2	1	2	1	2	3	1	2	1	2	1
3	3	1	1	2	3	1	3	1	1	1	1	1	1	1
1	1	1	2	3	3	1	2	2	1	1	1	1	2	1
3	1	1	1	3	4	2	1	2	2	2	1	2	2	1
2	3	1	3	3	3	3	2	3	1	1	1	1	2	1
2	3	1	2	3	1	1	1	2	2	1	1	1	2	1
3	1	1	3	2	2	3	2	3	1	1	1	1	1	1
2	3	1	2	2	2	2	3	3	1	1	1	1	2	1
3	3	1	2	1	3	3	3	1	1	1	1	1	1	1
1	2	1	3	1	1	1	1	1	1	1	1	1	1	1
1	2	1	2	3	4	2	1	2	2	1	1	1	2	1
3	3	1	1	3	4	1	2	2	1	1	1	1	1	1
3	2	1	3	3	1	1	1	3	1	1	1	1	1	1
1	3	2	3	3	3	3	3	1	1	2	1	1	1	1
2	3	1	3	3	4	1	1	1	1	1	2	1	1	1
2	2	1	2	1	3	3	3	2	2	1	1	1	1	1
3	3	1	3	2	3	2	2	1	1	1	1	1	1	1
3	3	1	3	1	3	3	2	1	1	1	1	1	1	1
2	2	1	2	3	4	1	2	3	3	1	1	1	1	1
1	1	1	1	2	2	3	1	2	2	1	1	1	2	1
3	2	1	2	2	1	1	2	3	3	1	1	1	1	1
3	3	1	3	2	1	1	3	2	1	1	1	1	1	1
2	2	1	2	1	3	2	3	1	1	1	1	1	1	1
2	3	1	2	3	4	2	1	1	1	1	1	1	1	1
2	3	1	3	1	3	3	3	3	1	1	1	1	1	1
2	2	1	3	2	1	2	2	2	1	1	1	1	2	1
1	1	1	1	1	3	3	3	2	2	2	1	1	1	1
3	3	1	3	2	3	3	3	2	1	1	1	1	2	1
3	1	1	1	3	2	1	2	3	2	1	1	1	1	1
3	2	1	1	3	4	2	1	3	1	1	1	1	2	1
2	2	1	3	1	3	3	3	3	3	1	1	1	1	1
3	3	1	3	1	2	2	3	2	2	1	1	1	1	1
2	2	1	1	2	4	1	1	3	1	1	1	1	1	1
3	2	1	1	3	4	1	1	3	3	1	1	1	1	1
3	2	1	3	3	3	2	3	3	1	1	1	1	2	1
1	1	1	1	2	1	1	2	2	2	1	1	1	1	1
1	1	2	1	3	1	1	3	2	1	1	1	1	2	1
2	3	2	3	3	3	1	3	3	1	1	1	1	1	1
2	1	1	3	1	3	3	3	1	1	1	1	1	1	1
3	3	1	3	1	2	2	3	2	1	1	1	1	1	1
3	3	1	3	3	2	2	2	1	1	1	1	1	1	1
3	2	1	2	2	2	2	3	3	1	1	1	1	1	1
2	3	1	3	3	2	3	2	1	2	2	1	1	2	1
3	1	1	1	2	4	2	1	1	1	1	1	1	2	1
2	2	1	2	2	2	1	2	2	1	1	1	1	2	1
3	2	2	2	3	1	2	2	2	1	1	2	2	2	1
3	3	1	3	2	3	2	3	3	1	1	1	1	1	1
2	2	1	3	1	3	2	2	2	1	1	1	1	2	1
1	1	1	2	1	3	3	3	2	1	1	1	1	1	1
3	3	1	3	3	2	2	2	2	1	1	1	1	1	1
1	2	1	1	3	1	3	2	2	1	1	1	1	2	1
3	2	2	3	2	3	1	2	2	1	1	1	1	1	1
2	3	1	2	2	2	2	2	3	1	1	2	2	1	1
3	1	1	3	1	2	2	1	3	3	1	1	1	2	1
3	3	1	2	1	2	3	2	1	1	1	1	1	1	1
2	1	1	1	2	2	3	2	2	3	1	1	1	1	1
1	1	1	2	3	3	1	3	2	1	1	1	1	2	1
3	3	1	3	1	3	1	3	2	1	1	1	1	1	1
3	3	1	3	1	2	3	2	3	1	1	1	1	1	1
1	1	1	1	3	2	3	1	1	1	1	1	1	1	1
3	3	1	3	2	2	3	3	3	2	1	1	1	1	1
3	3	1	1	1	3	1	3	2	2	1	2	1	1	1
1	2	1	1	3	2	3	3	2	1	1	1	1	2	1
2	2	1	3	2	2	2	2	2	1	1	1	1	1	1
1	2	1	1	3	2	2	1	2	1	1	1	1	1	1
3	3	1	2	2	2	2	3	2	1	1	1	1	1	1
2	3	2	2	3	1	2	2	2	1	1	1	1	2	2
2	2	1	3	3	1	1	1	3	1	1	1	1	2	1
3	3	1	3	1	3	3	3	2	1	1	1	1	1	1
3	3	1	1	1	3	3	3	2	1	1	1	1	1	1
2	2	1	1	2	2	2	3	3	2	1	1	1	2	1
3	3	1	3	1	3	3	3	2	1	1	1	1	1	1
3	2	1	3	1	3	3	3	1	2	1	1	1	1	1
3	3	1	3	2	1	2	3	3	1	1	1	1	2	1
3	3	1	3	1	3	3	3	2	1	1	2	1	1	1
2	2	1	1	3	1	1	1	1	1	1	1	1	2	1
2	1	2	2	3	4	1	1	3	1	1	1	1	1	2
2	2	1	1	3	1	1	1	2	1	1	1	1	1	1
1	3	1	3	3	1	1	1	2	1	2	2	1	2	1
2	3	1	1	2	4	2	1	2	1	1	1	1	2	1
1	2	1	1	3	3	3	2	2	1	2	1	1	2	1
1	1	1	3	3	1	1	1	3	3	1	1	1	1	1
3	3	1	2	1	3	2	2	3	1	1	2	1	2	1
3	3	2	1	3	4	1	1	3	2	1	1	1	2	1
3	1	1	1	2	1	1	2	2	2	1	1	1	1	1
2	1	1	1	1	4	1	2	1	2	1	1	1	1	1
3	3	1	3	2	2	3	3	1	3	2	2	1	1	1
1	1	1	2	3	3	3	2	1	1	1	1	1	2	1
3	2	1	3	1	3	2	3	2	2	1	1	1	1	2
3	2	1	3	1	2	2	3	3	1	1	1	1	1	1
3	2	1	3	2	2	1	3	2	2	1	1	1	1	1
1	3	1	1	2	2	2	2	2	1	1	1	1	1	1
2	1	1	1	3	4	3	2	3	2	1	1	1	1	1
3	3	1	1	3	1	3	1	2	1	1	1	1	1	1
2	3	1	2	3	2	1	2	1	1	1	1	1	1	1
1	2	1	1	2	2	1	3	2	2	1	1	1	1	1
2	2	1	3	3	3	1	1	3	1	1	1	1	1	1
3	2	1	1	3	1	1	1	3	1	1	1	1	2	1
1	1	1	2	3	3	3	1	3	3	1	1	1	2	1
3	3	1	1	3	1	1	1	3	3	1	1	1	1	1
3	1	1	1	3	4	2	2	2	3	2	1	2	1	1
2	3	1	3	2	3	3	3	2	1	1	1	1	1	1
1	1	1	1	1	2	1	2	2	1	1	1	1	2	1
1	1	2	1	2	2	1	1	2	1	1	1	1	1	1
1	1	1	2	2	4	2	1	2	2	1	1	1	1	1
3	3	1	1	3	3	1	1	3	1	1	1	1	2	1
3	2	1	1	2	4	2	2	3	1	1	1	1	1	1
1	2	1	3	2	2	3	2	2	1	1	1	1	1	1
1	1	1	1	1	4	1	3	2	3	1	1	1	2	1
2	3	1	3	1	2	1	3	3	1	2	1	2	1	1
3	1	1	2	1	3	2	3	3	1	1	1	1	1	1
2	3	1	3	1	3	3	3	1	1	1	1	1	1	1
3	2	1	1	3	2	3	3	3	2	1	1	1	1	1
2	2	1	2	2	2	3	2	2	1	1	1	1	1	1
2	2	1	1	3	1	2	1	3	1	1	1	1	2	1
1	3	1	3	3	3	3	2	2	1	1	1	1	1	1
2	2	1	3	2	2	1	3	2	1	1	2	1	1	1
2	3	1	3	2	2	1	3	2	3	2	1	1	1	1
3	3	1	3	3	1	2	2	2	3	1	1	1	1	1
1	1	2	1	2	2	1	3	1	1	1	1	1	2	1
2	1	1	2	1	2	2	3	1	3	2	2	2	1	1
2	2	1	3	2	1	2	2	3	1	1	1	1	1	1
3	3	1	3	1	2	3	3	3	1	1	1	1	1	1
3	2	2	3	3	3	2	2	2	1	1	1	1	1	1
1	1	1	1	2	2	1	1	1	1	1	1	1	1	1
3	2	2	3	2	3	2	3	3	1	1	1	1	1	1
1	1	1	2	3	1	2	1	3	3	1	1	1	1	1
2	2	2	2	1	3	3	3	3	1	1	1	1	1	1
3	2	2	1	1	3	2	3	2	1	1	1	1	1	1
2	2	1	3	2	1	3	2	2	2	1	1	1	1	1
3	3	1	3	1	3	1	3	1	1	1	1	1	1	1
1	3	1	1	1	3	3	3	1	1	1	1	1	1	1
2	3	1	2	3	2	1	1	2	1	1	2	1	1	1
3	2	1	3	2	2	2	1	3	1	1	1	1	1	2
1	1	1	2	1	2	1	1	1	1	1	1	1	1	1
3	2	1	1	3	2	3	1	1	3	1	1	1	1	1
2	1	1	1	2	3	1	1	3	3	1	1	1	1	2
1	2	1	2	2	3	3	2	1	1	2	1	1	1	1
1	3	1	1	1	4	3	3	3	1	2	1	1	2	1
3	1	1	3	2	3	1	3	2	2	1	1	1	1	1
2	2	1	2	1	2	3	3	1	3	1	1	1	1	1
2	2	1	2	1	3	3	2	3	1	1	1	1	1	1
1	2	1	2	2	3	2	2	2	1	1	1	1	1	1
2	1	1	2	1	3	3	3	2	1	1	1	1	1	1
2	1	1	2	1	4	3	2	3	1	1	1	1	2	1
2	3	1	3	3	2	1	1	2	1	1	1	1	1	1
3	3	1	2	2	3	2	2	3	1	1	1	1	1	1
3	3	1	3	1	1	2	1	2	1	1	1	1	1	1
2	3	1	3	2	3	3	1	2	1	1	1	1	1	1
1	1	1	1	1	4	2	2	2	1	1	1	1	1	1
1	1	1	1	3	2	1	1	3	3	1	1	1	2	1
3	3	1	3	1	3	2	3	2	1	1	1	1	1	1
2	3	1	3	1	3	3	3	2	1	1	1	1	1	1
2	1	1	1	2	3	3	2	2	1	1	1	1	1	1
3	3	1	1	3	1	1	2	3	2	1	1	1	2	1
2	1	1	1	3	3	2	1	2	1	1	1	1	2	1
3	2	1	3	3	1	1	1	2	3	1	1	1	1	1
2	1	1	1	1	3	3	2	3	2	1	1	1	1	1
1	2	1	2	3	4	3	2	2	1	1	1	1	1	1
3	3	1	3	3	1	2	1	3	1	1	1	1	2	1
2	2	1	3	1	3	2	2	1	1	1	1	1	1	1
1	2	1	1	2	3	3	3	2	1	1	1	1	1	1
1	2	1	1	2	4	1	1	2	1	1	1	1	2	1
3	2	1	3	2	2	3	1	3	1	1	1	1	1	1
1	1	1	1	2	4	3	3	2	2	1	1	1	1	1
3	2	1	3	1	2	2	3	1	1	1	1	1	1	1
2	3	1	3	3	3	1	1	1	2	1	2	1	2	1
3	3	1	2	1	2	1	2	2	1	1	1	1	1	1
3	3	1	3	1	2	2	3	2	1	1	2	1	1	1
2	3	1	3	3	3	3	3	2	1	1	1	1	1	1
3	2	1	1	3	2	2	1	3	2	1	1	1	2	1
2	3	1	3	2	3	1	3	1	1	1	1	1	1	1
2	2	1	2	3	1	1	1	2	2	1	1	1	2	1
3	1	1	3	1	1	2	2	3	1	1	1	1	1	1
3	3	1	3	1	2	2	2	3	1	1	1	1	1	1
3	3	1	3	3	1	1	3	3	1	1	2	1	2	1
1	1	1	2	2	2	3	2	3	1	1	1	1	1	1
1	3	1	2	1	4	2	3	3	1	1	1	1	2	1
1	2	1	3	1	2	2	3	3	3	1	1	1	1	1
1	1	1	1	2	4	2	2	3	1	2	1	1	2	1
2	3	1	2	1	4	3	3	1	1	1	1	1	1	1
3	3	1	3	1	3	3	3	2	1	1	1	1	1	1
1	1	1	2	2	1	2	1	2	2	1	1	1	2	2
2	1	1	3	2	3	1	2	2	2	1	1	1	1	1
2	2	1	1	3	4	3	2	2	1	2	1	1	1	1
2	2	1	2	3	2	2	3	1	1	1	1	1	1	1
3	3	1	3	1	2	3	3	2	1	1	1	1	1	1
1	2	1	1	3	1	1	1	2	1	1	1	1	2	1
1	1	1	2	2	1	2	1	1	2	2	1	1	1	1
1	2	2	1	2	4	3	3	2	1	2	2	1	1	1
1	1	1	1	3	4	2	3	2	1	1	1	1	1	1
2	3	1	3	1	1	3	3	3	1	1	1	1	1	1
3	3	1	3	3	2	2	3	2	1	1	2	1	1	1
3	3	1	3	3	2	2	3	2	1	1	1	1	1	1
2	3	1	3	1	1	3	2	2	3	1	1	1	1	1
2	3	1	3	1	1	2	3	2	2	1	2	1	1	1
2	2	1	2	2	3	3	3	3	2	1	1	1	1	1
2	2	1	2	3	4	1	1	2	1	1	1	1	2	1
1	3	1	3	2	3	3	3	2	1	1	1	1	2	1
3	3	1	3	2	3	3	3	2	1	1	1	1	1	1
2	1	1	3	1	1	2	3	2	1	1	1	1	1	1
2	3	2	2	1	2	1	3	1	1	1	1	1	1	1
3	3	1	3	1	3	3	3	2	1	1	1	1	1	1
3	2	1	2	3	4	1	1	2	1	1	1	1	1	1
3	2	1	1	3	4	1	1	3	1	1	1	1	2	1
1	1	1	3	1	1	2	2	1	1	1	1	1	1	1
2	2	1	2	1	3	2	3	2	1	1	1	1	1	1
2	3	2	2	2	1	1	2	2	1	1	1	1	2	1
1	1	1	2	3	2	2	3	2	2	1	1	1	2	1
1	3	1	2	3	3	3	2	2	1	1	1	1	1	1
1	2	1	2	3	1	1	2	1	1	1	1	1	2	1
3	3	1	3	3	1	3	1	1	3	1	1	1	2	1
2	3	1	2	1	2	1	3	2	1	1	1	1	1	1
1	1	1	1	2	4	1	2	2	1	1	1	1	1	1
2	2	1	3	1	2	2	3	2	1	1	1	1	1	1
2	1	1	2	3	1	1	1	3	1	1	1	1	2	1
3	3	1	3	2	3	1	3	1	1	1	1	1	1	1
3	2	1	1	1	3	2	3	2	1	1	1	1	2	1
2	2	1	3	3	1	1	2	2	1	1	1	1	2	1
1	1	1	1	3	3	2	3	2	1	1	1	1	1	1
3	3	1	3	1	3	1	3	2	1	1	1	1	1	1
2	2	1	2	3	1	1	2	2	3	1	1	1	1	1
1	1	1	1	2	1	3	2	2	1	1	1	1	1	1
3	1	1	2	2	3	2	3	2	2	1	1	1	1	1
1	1	1	1	2	4	2	3	2	2	1	1	1	2	1
2	3	2	1	1	3	2	1	2	1	1	1	1	1	1
1	1	1	3	1	3	3	3	1	1	1	1	1	1	1
3	2	1	2	3	1	1	1	3	3	1	1	1	1	1
1	1	2	3	3	2	1	2	2	2	1	1	1	2	2
3	3	1	3	3	2	2	1	2	1	1	2	1	1	1
1	1	1	2	3	4	2	2	2	2	1	1	1	1	1
2	1	1	3	1	3	2	2	2	2	1	1	1	1	1
2	3	2	1	3	1	3	3	2	1	1	1	1	1	2
3	2	1	1	2	2	1	3	1	1	1	1	1	1	1
3	2	1	2	1	3	3	3	3	3	1	1	1	1	1
2	3	1	1	1	3	2	3	2	1	1	1	1	2	1
2	3	1	3	1	3	3	3	2	1	1	1	1	1	1
3	3	1	2	3	4	2	1	3	1	1	2	1	1	1
2	2	1	3	1	3	3	3	2	1	1	1	1	1	1
1	2	1	3	3	4	3	1	2	1	1	1	1	1	1
2	3	1	2	3	1	2	1	2	1	1	1	1	1	1
2	3	1	2	3	3	1	1	1	1	1	1	1	1	1
3	3	1	3	2	2	1	2	1	1	1	1	1	1	1
3	3	1	3	2	2	2	2	1	1	1	1	1	1	1
3	3	1	3	3	3	1	3	1	1	1	2	1	1	1
2	2	2	1	2	3	2	3	2	3	1	1	1	1	1
1	1	1	3	2	4	3	3	2	1	1	1	1	1	1
3	3	1	3	2	1	1	3	2	1	1	1	1	1	1
3	3	1	3	1	2	2	3	1	1	1	1	1	1	1
3	3	1	3	3	1	2	2	2	1	1	1	1	1	1
2	3	2	3	2	3	1	3	3	1	1	1	1	1	2
3	1	1	3	3	2	1	1	3	1	1	1	1	1	1
1	2	2	3	1	2	1	3	1	1	1	1	1	2	1
3	3	1	3	2	2	1	3	2	1	1	1	1	1	1
2	3	2	3	3	1	2	2	2	1	1	1	1	1	1
3	3	1	3	2	1	1	3	1	1	1	1	1	1	1
2	1	1	3	2	1	3	3	3	2	1	1	1	1	1
3	2	1	3	1	3	3	3	2	1	1	1	1	1	1
3	3	1	3	1	1	2	2	1	1	1	1	1	1	1
3	3	1	3	3	2	3	3	2	3	1	1	1	2	1
3	2	1	3	3	1	3	1	1	3	1	1	1	2	1
2	3	1	3	2	2	3	3	1	1	1	1	1	2	1
1	3	1	2	2	4	3	3	2	1	1	1	1	2	2
1	1	1	2	3	1	1	1	1	1	1	1	1	2	1
3	3	2	3	1	2	3	3	3	1	1	1	1	1	1
3	2	1	3	3	2	2	1	1	1	1	1	1	1	1
3	3	1	3	3	1	1	2	3	1	1	1	1	2	2
1	1	1	2	1	4	2	1	1	1	1	1	1	2	1
3	3	1	3	2	3	2	1	3	1	1	1	1	1	1
3	3	1	3	3	1	1	2	2	1	1	1	1	2	1
2	3	1	3	3	2	3	1	1	2	1	1	1	1	2
3	3	1	3	1	1	3	1	2	1	1	1	1	1	1
3	3	1	3	2	3	1	3	1	1	1	2	1	1	1
3	3	1	3	3	1	1	1	3	2	1	1	1	1	1
1	2	1	3	1	3	3	3	2	1	1	2	1	1	1
3	3	1	3	3	2	3	3	2	1	1	1	1	1	1
3	3	1	3	1	3	2	1	1	1	1	2	1	1	1
1	1	2	3	1	1	3	3	2	1	1	1	1	1	1
2	2	2	2	3	3	3	3	2	2	1	1	1	1	1
3	3	1	3	2	2	2	3	1	1	1	1	1	1	1
2	3	1	3	1	3	1	3	2	1	1	1	1	1	1
3	3	1	3	1	3	2	3	2	1	1	1	1	1	1
2	2	1	3	1	3	3	3	1	1	1	1	1	1	1
3	2	2	2	3	4	1	2	3	1	1	1	1	2	1
3	3	2	3	1	3	1	3	2	1	1	1	1	1	1
1	2	1	3	3	1	1	1	1	3	2	1	1	2	1
2	2	1	3	2	1	2	2	1	1	1	1	1	2	1
3	3	1	3	2	3	1	2	1	1	1	1	1	1	1
3	3	1	3	1	1	2	3	1	1	1	1	1	1	1
2	2	1	2	3	1	1	1	3	1	1	1	1	1	1
3	3	1	3	1	3	3	3	1	1	1	1	1	1	1
3	3	1	3	2	2	1	2	2	2	1	1	1	1	1
3	3	1	3	2	2	2	1	1	1	1	1	1	1	1
3	3	1	3	3	2	3	2	2	1	2	2	1	1	1
3	3	1	3	1	3	3	3	2	1	1	1	1	1	1
1	2	1	2	2	3	3	1	1	1	1	1	1	1	1
3	3	2	2	2	3	2	3	2	1	1	1	1	1	1
1	1	1	1	3	2	2	3	3	2	1	1	1	2	1
3	2	1	3	3	2	1	3	3	1	2	1	1	2	1
3	3	1	3	2	3	2	3	2	1	1	1	1	1	1
3	3	1	3	2	2	3	3	1	1	1	1	1	1	1
2	3	1	3	1	2	1	3	1	1	1	1	1	1	1
3	3	1	3	1	3	3	3	1	1	1	1	1	1	1
3	3	1	3	1	1	2	3	2	1	1	1	1	1	1
3	3	1	3	3	2	3	2	1	1	1	1	1	1	1
3	1	1	2	3	1	3	3	2	1	1	1	1	2	1
3	3	1	3	2	3	3	3	1	1	1	1	1	1	1
2	3	2	2	3	4	2	2	2	1	1	1	1	1	1
3	2	2	3	3	4	3	3	3	1	1	1	1	1	1
2	3	1	3	1	3	3	3	1	1	1	1	1	1	1
1	1	1	1	3	2	1	1	2	1	1	1	1	2	1
3	3	1	3	3	2	1	3	3	1	1	1	1	1	1
3	3	1	3	3	2	2	2	2	1	1	1	1	1	1
3	2	1	3	2	2	2	1	2	1	1	1	1	1	1
3	3	1	3	2	1	2	2	2	1	1	1	1	1	1
3	2	1	3	3	1	1	1	1	3	1	1	1	1	1
2	1	2	1	2	4	3	2	2	1	1	1	1	1	1
2	3	1	3	2	3	3	1	1	1	1	1	1	1	2
2	3	2	3	2	1	1	2	2	1	1	1	1	2	1
3	3	1	3	2	2	3	1	2	1	1	1	1	1	1
2	1	1	3	1	2	2	3	1	2	1	1	1	1	1
3	2	1	3	2	2	2	2	1	1	1	1	1	1	1
3	3	1	3	2	1	3	2	2	1	1	1	1	1	2
2	1	1	1	3	1	3	3	2	2	1	1	1	2	1
3	3	1	3	1	3	2	3	2	1	1	1	1	1	1
2	2	1	3	3	1	3	3	1	1	1	1	1	2	1
3	3	2	3	1	3	2	3	1	2	1	1	1	1	1
2	2	1	2	2	1	2	1	2	1	1	1	1	1	1
3	1	2	1	1	3	3	3	1	2	1	2	1	1	1
3	3	1	3	1	2	3	3	1	1	1	1	1	1	2
3	3	1	3	2	1	2	2	3	1	1	1	1	1	1
1	2	1	2	3	1	3	3	3	2	1	1	1	2	1
