:action
search

:nominal
health,   4,2,h
tals,     5,1,t
marital,  2,1,m
education,3,1,e
disabled, 2,1,d
gender,   2,1,g
income,   3,1,i
age,      3,1,a
white,    2,1,w
fulltime, 2,1,f
parttime, 2,1,p

:short-model
TMEDGIAWFP:HTGIA

:optimize-search-width
10

:search-levels
10

:no-frequency

:data
1	1	1	2	0	0	1	3	1	1	0
2	3	1	2	0	1	3	1	1	1	0
2	3	0	3	0	0	3	3	1	1	0
2	4	1	2	0	1	3	3	1	0	1
1	3	1	2	0	0	3	2	1	1	0
1	2	1	3	0	0	1	3	0	1	0
2	3	1	2	0	1	3	1	1	0	1
1	3	1	1	0	1	1	2	1	0	0
4	3	0	3	0	1	2	3	0	1	0
2	3	1	2	0	1	3	3	1	0	1
3	3	0	2	0	0	3	1	0	0	1
3	3	1	3	0	1	3	3	1	0	0
1	4	1	2	0	0	3	2	1	1	0
1	3	0	3	0	1	3	1	1	1	0
2	2	0	1	0	0	1	3	1	0	0
4	4	1	3	0	0	3	3	1	1	0
1	1	0	1	0	1	2	3	0	0	1
4	2	0	2	0	0	3	1	0	0	1
2	2	1	3	0	0	3	2	0	0	0
3	3	1	2	0	1	2	2	1	1	0
1	3	1	3	0	0	3	3	1	1	0
1	2	1	2	0	1	2	2	0	0	1
1	3	0	2	0	1	2	1	1	1	0
3	3	1	3	0	1	3	1	1	0	0
4	4	1	3	0	0	2	3	1	0	1
2	2	1	2	0	0	1	2	0	1	0
4	3	0	3	0	0	3	1	1	1	0
2	2	1	3	0	1	2	2	0	0	0
2	4	0	3	0	0	3	1	1	1	0
1	3	0	2	0	0	3	2	1	1	0
2	4	0	3	0	1	1	1	1	0	1
3	3	1	2	0	1	2	1	1	1	0
1	2	0	2	0	1	3	1	1	0	1
1	3	0	1	0	1	2	2	1	1	0
3	4	1	2	0	0	3	3	1	1	0
1	3	0	3	0	0	3	1	1	0	0
2	1	1	3	0	1	3	3	0	1	0
2	3	0	2	0	0	1	1	0	1	0
2	1	0	3	0	1	2	1	1	0	0
2	2	0	3	0	0	3	2	0	0	0
2	4	0	2	0	0	3	1	1	1	0
1	3	1	2	0	1	3	1	1	1	0
1	4	0	2	0	0	3	1	1	0	1
2	2	0	3	0	0	3	1	0	1	0
2	3	1	3	0	1	3	1	1	0	1
1	3	0	3	0	0	3	3	1	0	0
1	4	1	2	0	0	3	2	1	1	0
2	3	0	3	0	1	1	1	0	0	0
2	3	1	2	0	1	2	1	1	0	0
3	3	0	3	0	1	1	1	1	0	0
1	3	1	2	0	0	3	3	0	1	0
2	2	1	3	0	0	3	2	1	1	0
1	4	1	3	0	0	3	2	0	1	0
1	3	0	3	0	1	3	2	1	1	0
1	3	1	1	0	1	1	1	1	0	0
2	4	0	2	0	1	2	1	0	0	0
3	3	1	2	0	1	3	2	1	0	0
2	3	1	2	0	1	1	1	1	0	0
4	1	0	2	0	1	1	2	0	0	0
2	3	0	3	0	1	2	1	1	0	1
1	4	0	3	0	0	3	1	1	1	0
4	2	0	2	0	1	1	2	1	0	0
2	3	0	2	0	1	3	1	1	0	0
2	3	0	3	0	1	2	1	1	1	0
2	3	0	1	0	0	3	1	1	0	0
1	3	1	2	0	0	3	3	1	1	0
1	2	1	1	0	0	2	1	1	1	0
1	2	1	3	0	0	1	3	1	1	0
4	2	0	3	0	1	1	3	0	0	0
2	1	0	3	0	1	2	1	0	1	0
2	3	0	3	0	0	3	1	1	0	0
2	3	1	3	0	1	3	2	1	0	0
3	2	1	2	0	1	1	1	0	0	0
2	3	0	2	1	0	2	3	1	0	0
2	4	0	2	0	0	1	1	1	1	0
1	4	0	3	0	0	3	1	1	0	0
4	2	0	2	0	1	3	1	0	0	1
4	3	0	3	0	1	1	1	1	0	0
1	4	0	2	0	0	3	3	1	0	1
1	2	0	3	0	0	3	1	0	0	1
2	2	0	3	0	0	2	2	0	1	0
2	3	0	3	0	1	1	1	1	0	1
4	2	0	3	1	1	1	2	1	0	0
1	4	1	2	0	1	3	2	1	0	0
2	1	0	3	0	0	3	2	0	0	0
2	2	0	1	0	0	1	3	1	0	0
2	2	1	3	0	0	3	1	0	0	0
2	3	0	2	0	1	3	1	1	1	0
2	2	0	2	0	1	2	2	1	1	0
3	3	0	1	0	1	3	3	1	1	0
2	4	0	3	0	0	3	2	1	0	0
1	3	1	2	0	1	3	1	0	1	0
2	2	1	3	0	1	1	3	1	0	0
3	2	0	3	0	1	1	2	1	1	0
2	1	1	2	0	0	1	2	0	1	0
3	3	1	2	0	0	1	2	1	1	0
2	2	0	1	0	1	1	1	1	0	0
2	2	0	3	0	0	3	2	1	1	0
1	2	0	3	0	1	3	1	0	1	0
3	3	0	3	0	0	1	1	1	0	0
1	4	0	2	0	0	1	1	1	0	0
2	2	0	3	0	1	1	1	0	1	0
2	3	0	2	0	0	2	2	1	1	0
3	2	1	2	0	1	1	1	1	1	0
2	3	0	3	0	0	3	2	1	1	0
2	3	0	2	0	0	3	3	1	0	0
2	2	1	2	0	0	2	3	0	1	0
3	2	0	3	0	1	2	1	0	0	0
2	2	0	2	0	0	3	1	0	0	0
2	4	1	2	0	1	3	1	1	0	0
1	2	1	3	0	0	3	2	1	1	0
4	2	0	2	0	1	1	3	0	1	0
4	2	0	3	0	1	2	2	0	0	0
2	3	0	2	0	0	2	2	1	0	0
4	1	1	2	1	0	3	3	1	0	0
1	3	0	3	0	1	1	3	1	1	0
1	2	1	2	0	0	3	2	1	1	0
4	2	1	3	0	1	3	3	0	0	0
2	3	0	2	0	0	2	3	1	0	0
3	3	1	2	0	1	3	3	1	1	0
2	4	0	3	0	1	3	1	1	1	0
2	2	1	3	0	1	2	1	1	1	0
1	2	0	3	0	0	2	2	1	1	0
4	3	0	2	0	1	2	3	1	1	0
1	2	1	1	0	1	1	2	1	0	0
2	3	0	3	0	0	1	2	1	1	0
2	2	0	3	0	0	3	3	0	1	0
2	2	0	2	0	0	3	1	1	0	0
2	4	0	2	0	0	2	1	1	1	0
2	2	0	2	0	1	3	2	1	0	0
2	4	0	2	0	1	1	3	1	0	0
2	3	0	3	0	0	3	1	0	1	0
2	3	0	2	0	0	3	1	1	0	0
4	1	1	1	0	1	1	3	0	0	0
3	2	1	2	0	1	2	1	1	0	0
2	2	0	2	0	0	1	1	1	0	0
3	2	0	2	0	0	3	1	1	0	0
2	2	0	1	0	0	3	1	1	1	0
2	2	0	3	0	0	3	2	0	1	0
2	3	1	3	0	1	3	2	1	0	1
2	1	1	3	0	1	3	2	0	1	0
1	3	1	2	0	0	3	2	1	1	0
1	3	1	3	0	0	3	1	1	1	0
1	2	0	3	0	0	3	1	1	1	0
1	4	1	2	0	0	1	2	1	0	1
2	2	1	2	0	0	3	3	1	1	0
2	3	0	3	0	1	3	1	1	0	0
1	1	0	1	0	1	1	3	1	1	0
2	3	1	2	0	1	3	2	1	0	1
1	2	1	2	0	0	3	1	0	1	0
2	2	0	2	0	0	2	3	1	1	0
1	3	1	2	0	1	3	1	0	0	1
3	2	1	1	0	0	3	1	1	1	0
4	2	0	2	1	0	1	3	1	0	0
1	4	0	3	0	0	2	2	1	1	0
2	2	0	2	0	1	3	2	1	0	0
3	1	0	3	0	0	1	2	0	0	0
2	3	0	2	0	0	3	2	1	1	0
2	3	0	3	0	1	2	2	0	1	0
2	5	0	2	0	0	2	1	1	0	0
3	2	0	2	0	1	1	3	0	0	0
1	2	1	1	0	0	3	3	1	1	0
1	2	0	3	0	0	3	3	1	1	0
1	2	0	3	0	0	3	1	1	1	0
1	3	0	1	0	1	3	2	0	0	0
1	3	0	3	0	0	3	1	1	0	0
2	4	0	3	0	0	3	2	0	1	0
2	2	1	2	0	1	3	2	0	0	0
1	4	1	3	0	0	2	2	1	0	1
1	2	0	3	0	0	3	1	1	0	0
2	1	0	2	0	1	1	3	0	0	0
4	4	1	2	0	0	3	3	1	1	0
2	2	1	3	0	0	2	2	0	0	1
1	3	1	2	0	0	3	2	1	1	0
1	3	0	2	0	0	3	2	1	1	0
3	4	0	3	0	1	2	2	1	1	0
2	4	0	2	0	1	3	1	1	0	1
2	2	0	2	0	1	1	1	0	0	0
1	3	0	2	0	1	2	1	0	1	0
1	3	0	2	0	0	3	2	1	0	1
1	1	1	1	0	0	3	2	0	1	0
1	3	0	1	0	0	3	1	1	1	0
1	2	1	3	0	0	1	3	0	0	1
2	3	1	2	0	1	2	2	1	1	0
1	2	1	1	0	1	1	2	1	1	0
3	3	1	1	0	1	2	1	1	1	0
2	3	1	3	0	0	3	2	1	1	0
1	4	1	2	0	0	3	3	1	0	1
2	3	0	2	0	1	3	1	0	0	1
2	1	1	2	0	1	1	2	0	0	0
2	4	1	3	0	0	1	3	1	0	0
3	1	0	2	0	1	1	3	0	0	0
3	2	1	1	0	0	1	1	1	1	0
4	3	0	3	0	1	1	2	1	1	0
4	2	0	2	0	1	3	2	0	0	1
1	2	0	2	0	1	3	2	1	0	0
2	2	1	2	0	1	3	3	1	1	0
1	3	0	2	0	1	1	2	1	1	0
2	3	0	3	0	0	3	1	0	0	0
2	3	0	1	0	0	3	1	1	0	1
1	2	0	1	0	0	3	1	1	0	0
1	2	1	2	0	1	3	1	0	0	0
2	3	0	3	0	1	2	2	1	1	0
1	3	0	2	0	1	1	3	1	1	0
2	3	0	3	0	0	2	1	1	1	0
2	3	1	1	0	1	3	1	1	0	0
1	2	1	2	0	0	3	2	1	0	0
1	1	0	3	0	0	3	3	0	1	0
1	4	1	2	0	1	1	3	1	0	0
2	3	0	1	0	0	3	2	1	1	0
2	3	0	2	0	1	2	2	1	1	0
3	3	0	3	0	1	2	1	1	1	0
3	3	1	2	0	0	2	3	1	1	0
4	4	0	3	0	0	2	3	1	0	0
2	4	0	3	0	1	1	1	1	1	0
1	2	1	1	0	0	1	2	1	1	0
1	3	1	1	0	0	3	3	1	1	0
1	3	1	3	0	1	3	1	1	0	0
1	2	0	3	0	1	1	2	0	0	0
2	2	0	1	0	1	3	1	0	1	0
1	1	0	2	0	0	3	1	1	1	0
2	2	0	2	0	0	1	1	1	1	0
1	3	1	3	0	1	1	2	1	1	0
3	2	0	1	0	0	3	1	0	0	0
2	3	1	2	0	1	2	1	1	1	0
2	2	0	3	0	1	1	2	1	0	1
2	2	0	3	0	0	1	1	1	1	0
2	2	0	3	0	0	3	1	1	0	0
2	3	0	1	0	1	1	2	1	0	0
3	2	0	3	1	1	2	3	1	0	0
2	2	0	2	0	1	2	1	1	0	1
2	2	0	3	0	1	1	3	0	0	1
1	3	1	1	0	1	3	3	1	1	0
2	3	0	3	0	0	3	1	0	1	0
2	1	0	2	0	0	3	2	0	1	0
3	3	0	3	0	0	1	2	1	0	0
4	1	1	2	0	0	3	3	1	1	0
2	4	1	2	0	1	1	3	1	0	0
4	4	1	2	0	0	1	3	1	0	1
1	2	0	2	0	0	2	2	1	0	1
2	2	0	3	0	0	3	1	1	1	0
1	1	1	3	0	1	1	2	0	1	0
2	2	0	1	0	1	1	1	1	0	0
2	2	1	3	0	1	3	2	1	0	0
1	2	1	2	0	1	3	2	1	0	1
1	2	0	3	0	0	3	1	1	1	0
1	3	1	2	0	0	1	2	1	1	0
1	4	1	2	0	0	3	3	1	1	0
3	3	0	2	0	0	3	1	1	0	0
1	3	0	2	0	0	3	2	1	1	0
4	3	0	3	0	0	3	1	1	0	0
2	1	1	3	1	0	3	3	1	0	0
2	2	0	3	0	0	1	1	1	0	0
1	4	1	2	0	0	3	2	1	1	0
1	2	1	2	0	1	2	3	1	0	0
2	4	0	2	0	1	2	3	1	1	0
3	3	0	2	0	0	3	2	0	1	0
2	1	0	3	1	0	3	2	0	0	0
2	4	0	2	0	0	1	3	0	0	0
3	2	1	2	0	1	1	2	1	0	1
2	2	1	2	0	1	3	3	1	1	0
1	3	1	2	0	1	1	3	1	0	1
2	1	1	1	0	1	2	1	0	1	0
2	2	0	3	0	0	3	2	1	0	1
1	1	0	2	0	1	1	3	1	1	0
1	1	1	3	0	1	3	3	0	1	0
4	3	0	2	1	1	1	3	1	0	0
4	1	1	1	0	1	3	3	1	0	0
2	2	0	3	1	1	1	3	0	0	0
2	2	1	2	0	1	2	1	1	0	0
2	1	1	2	0	0	1	3	1	0	0
3	4	0	3	0	0	2	1	1	0	0
2	1	0	3	0	1	2	1	0	1	0
2	1	1	2	0	0	3	2	0	1	0
2	2	0	2	0	0	3	3	0	1	0
3	2	0	3	0	1	2	3	1	1	0
1	1	0	2	0	1	1	2	0	0	1
1	3	1	3	0	0	3	2	1	1	0
3	4	1	3	0	0	1	2	1	0	0
1	3	1	3	0	1	3	3	1	1	0
2	3	1	3	0	0	3	2	0	1	0
2	2	0	3	0	0	1	1	0	0	0
2	2	1	3	0	0	3	3	1	1	0
2	3	0	3	0	0	3	1	1	1	0
2	2	0	3	0	0	3	1	1	1	0
1	3	1	3	0	0	3	3	1	1	0
1	3	0	3	0	0	3	2	1	1	0
2	2	1	3	0	1	2	1	1	1	0
1	2	1	3	0	0	1	2	0	0	0
1	1	0	2	0	1	2	3	0	0	1
2	3	1	2	0	1	2	1	1	1	0
2	3	1	2	0	1	1	3	1	0	0
2	2	1	2	0	1	1	1	1	0	0
2	1	1	2	0	1	2	3	0	0	0
4	1	0	2	0	0	1	3	1	0	0
1	3	0	3	0	0	1	2	1	0	0
3	3	0	3	0	1	3	1	1	1	0
3	2	1	2	0	0	3	3	1	1	0
1	2	0	2	0	0	2	1	1	0	1
2	2	0	2	0	0	2	2	0	1	0
2	4	1	1	0	0	3	3	1	1	0
1	3	0	3	0	0	1	3	0	0	1
3	2	1	2	0	1	3	3	1	0	0
1	3	0	2	0	0	3	1	1	0	1
3	1	0	2	0	0	2	1	1	0	1
2	2	0	1	0	0	3	1	1	0	1
3	3	1	2	0	1	3	1	1	1	0
1	2	0	1	0	1	3	1	1	0	1
3	2	1	3	0	0	1	2	1	0	0
1	2	0	2	0	0	3	2	1	1	0
2	2	0	3	0	0	3	3	1	1	0
2	4	1	3	0	1	3	1	1	1	0
2	3	0	2	0	0	3	1	1	1	0
2	3	0	3	0	0	3	1	0	0	1
3	4	0	2	0	1	1	3	1	0	0
4	4	0	2	0	1	2	3	1	0	0
4	1	0	2	0	0	1	1	0	0	0
2	2	0	3	0	0	3	3	1	0	1
4	3	0	2	0	1	1	2	1	0	0
2	3	0	2	0	1	3	3	1	1	0
2	2	1	2	0	1	1	2	1	1	0
3	4	1	2	0	0	2	3	1	1	0
1	3	0	3	0	0	1	3	0	0	1
1	3	0	2	0	0	3	1	1	0	0
1	4	0	3	0	0	3	1	1	1	0
2	3	0	3	0	0	2	3	0	0	1
3	2	0	2	0	0	3	1	1	0	1
3	2	0	3	0	0	1	1	1	0	0
2	2	1	3	0	1	3	3	1	0	0
2	2	0	3	0	0	3	2	1	1	0
1	1	1	2	0	1	3	2	1	0	1
2	3	0	2	0	0	3	3	1	1	0
1	3	0	3	0	0	3	1	1	0	1
2	3	0	1	0	0	2	1	0	1	0
1	3	0	3	0	0	3	1	1	1	0
2	4	1	3	0	1	3	2	1	0	0
1	2	1	3	0	0	1	2	1	0	0
1	3	0	3	0	0	2	3	1	0	0
2	3	0	2	0	1	3	1	1	0	0
1	3	0	2	0	0	1	2	1	1	0
3	2	0	1	0	1	3	3	1	1	0
2	2	1	2	0	0	1	2	1	0	0
4	2	1	2	1	0	2	3	1	0	0
1	2	0	3	0	0	2	2	1	1	0
4	2	1	2	0	1	3	2	1	0	1
4	2	0	3	0	0	3	1	1	0	0
3	2	1	2	0	1	3	2	1	1	0
1	2	0	2	0	1	1	1	1	0	1
2	1	0	2	0	1	3	3	1	1	0
2	1	1	3	0	0	3	3	0	1	0
1	3	1	3	0	0	3	3	1	0	0
1	2	1	1	0	0	3	3	1	1	0
3	3	1	2	0	1	3	1	0	0	0
1	3	1	3	0	1	3	3	1	1	0
3	3	0	3	0	0	3	3	1	1	0
4	2	0	2	0	1	1	2	0	0	0
1	3	0	2	0	0	2	1	1	0	0
3	3	0	3	0	0	3	1	1	1	0
3	2	0	1	0	0	1	1	1	0	1
4	3	1	2	1	0	1	3	1	0	0
1	3	1	2	0	0	3	2	1	1	0
1	2	0	2	0	0	3	1	1	1	0
1	3	1	3	0	0	3	2	1	1	0
1	1	0	3	0	0	3	2	0	0	1
2	2	0	3	0	0	1	2	1	0	0
4	3	1	2	0	0	1	3	1	0	0
3	2	1	2	0	0	3	3	1	1	0
2	3	0	3	0	0	3	2	1	0	0
2	1	1	3	0	1	2	2	0	0	1
2	2	0	2	0	1	1	1	0	0	0
1	3	1	2	0	1	3	3	0	0	0
3	2	1	1	0	1	1	1	1	1	0
2	3	0	2	0	0	3	1	0	0	0
2	3	0	3	0	0	1	2	1	0	0
1	1	0	3	0	1	1	2	1	1	0
2	3	0	3	0	0	3	2	1	0	0
4	2	0	1	0	1	3	1	1	0	0
4	1	0	3	0	1	1	2	0	0	0
2	3	0	3	0	0	3	1	1	1	0
2	2	0	2	0	0	2	2	1	0	1
2	4	1	2	0	1	3	2	1	1	0
1	4	1	2	0	0	3	1	1	1	0
1	4	0	3	0	0	3	2	1	1	0
3	4	0	3	0	0	1	1	1	1	0
2	2	1	1	0	0	3	2	1	1	0
1	3	1	2	0	0	2	2	1	0	0
2	2	1	1	0	1	3	3	1	0	0
3	3	0	3	0	1	3	2	0	0	1
1	4	1	3	0	0	3	2	0	1	0
3	2	1	1	0	0	3	3	0	1	0
1	2	0	2	0	1	1	3	1	1	0
3	2	0	1	0	1	1	1	1	0	0
1	2	1	3	0	0	3	2	0	1	0
3	3	1	2	0	1	3	2	1	0	0
3	3	0	3	0	1	3	3	1	1	0
1	4	1	3	0	0	3	1	1	1	0
2	1	1	2	0	1	3	3	1	0	0
1	3	0	2	0	0	2	1	1	1	0
1	3	1	3	0	0	3	2	1	1	0
2	3	1	2	0	1	3	2	1	0	1
2	1	0	3	0	0	3	2	1	0	0
4	2	1	3	0	1	3	2	1	1	0
1	3	1	3	0	0	3	2	1	1	0
4	2	0	3	0	1	2	2	0	1	0
4	3	0	3	0	0	3	2	1	1	0
2	2	0	3	0	0	3	1	1	1	0
2	1	1	2	0	0	3	1	0	1	0
2	2	0	2	0	0	1	1	0	0	0
4	2	0	3	0	1	3	2	1	0	1
3	2	0	3	1	0	3	2	1	0	0
4	2	0	1	0	0	1	2	1	0	0
3	1	1	2	0	1	1	3	1	0	0
2	2	1	3	0	0	1	2	0	1	0
3	4	1	3	0	0	2	2	1	0	0
2	3	1	2	0	0	3	2	1	1	0
3	1	1	3	0	1	2	2	0	0	0
2	2	0	2	1	0	1	1	0	0	0
2	3	1	1	0	1	1	1	0	1	0
2	3	0	2	0	0	2	2	1	1	0
3	1	1	3	0	1	3	2	1	0	0
2	3	1	3	0	1	3	1	0	1	0
2	3	1	3	0	1	2	2	1	1	0
2	4	0	2	0	1	2	1	0	0	0
1	2	0	3	0	0	1	1	0	0	1
3	3	1	3	0	1	1	2	1	0	1
1	4	0	3	0	0	2	2	1	0	0
4	2	0	3	0	1	1	2	0	1	0
2	2	0	3	0	0	1	2	0	0	1
1	2	0	3	0	0	3	2	1	0	1
1	3	0	3	0	0	2	1	1	0	0
2	2	1	1	0	1	1	1	1	0	1
1	2	0	2	0	1	1	2	1	0	0
4	1	0	1	0	0	1	2	1	1	0
4	2	1	2	0	0	3	3	1	1	0
3	3	1	3	0	0	1	2	1	0	0
2	4	1	2	0	0	3	1	1	0	0
2	2	1	3	0	1	1	2	1	0	1
1	2	1	3	0	0	3	3	0	1	0
3	2	0	2	0	0	1	3	1	0	0
2	2	0	2	0	1	3	2	1	1	0
2	3	0	3	0	1	2	2	1	0	1
4	3	0	3	0	0	1	1	1	0	0
2	1	1	1	0	0	2	2	0	1	0
4	2	0	1	0	1	1	3	0	0	0
2	4	0	2	0	1	1	2	1	0	1
2	4	1	2	0	0	3	2	0	1	0
3	1	1	1	0	0	1	3	0	0	0
2	2	0	3	0	1	1	1	1	0	0
3	2	0	2	0	1	1	3	1	0	0
3	1	0	3	0	1	1	2	0	0	0
3	2	0	3	0	1	1	3	0	1	0
2	4	0	3	0	0	3	1	1	0	1
2	3	0	3	0	0	1	3	1	0	1
4	1	0	2	0	1	1	3	0	0	0
3	2	0	1	0	0	1	2	0	0	0
4	1	0	3	0	0	1	3	0	0	0
3	1	0	3	1	0	1	3	1	0	0
3	3	0	3	0	1	1	1	1	0	1
1	2	1	3	0	0	2	2	0	1	0
3	2	1	2	0	1	3	2	0	0	0
2	2	1	1	0	1	3	1	1	0	1
2	2	1	2	0	0	1	1	0	0	0
1	2	1	2	0	1	1	1	1	0	0
1	1	0	3	0	0	3	3	0	1	0
4	2	1	3	0	0	1	3	0	0	0
2	3	0	3	0	1	3	2	1	1	0
3	3	0	3	0	0	3	2	1	0	0
2	3	1	2	0	1	1	2	1	1	0
2	3	0	2	0	1	2	1	1	1	0
3	3	0	3	0	0	1	1	1	0	0
2	2	0	3	0	0	2	3	1	0	1
2	4	1	3	0	1	1	1	1	0	0
1	1	0	3	0	0	3	1	1	1	0
2	1	1	2	0	1	3	2	0	1	0
1	3	1	2	0	0	3	3	1	1	0
4	1	1	1	0	1	2	3	1	1	0
4	3	1	3	0	1	1	2	1	0	0
3	3	0	2	0	1	1	3	1	0	0
2	4	0	3	0	0	3	1	1	0	1
2	4	0	1	0	0	2	1	1	0	0
2	3	0	2	0	1	1	1	1	1	0
3	2	0	2	0	1	3	2	0	1	0
2	4	0	3	0	1	1	2	1	1	0
2	3	0	3	0	0	1	2	1	0	1
1	2	0	3	0	0	3	3	1	1	0
2	3	1	1	0	1	1	1	1	0	1
1	2	0	3	0	1	3	2	1	1	0
2	3	1	3	0	1	3	1	1	0	0
2	2	0	3	0	1	2	3	1	1	0
3	2	1	2	0	0	3	1	1	0	0
4	2	1	1	0	1	1	3	1	0	0
2	2	0	2	0	0	3	1	1	0	0
2	4	0	3	0	0	3	2	1	1	0
2	2	0	3	0	1	3	1	1	0	0
3	4	0	3	0	0	3	1	1	0	0
4	3	1	2	0	1	3	3	1	0	1
2	4	1	3	0	1	3	3	1	1	0
2	3	0	3	0	0	3	1	1	0	0
1	1	0	2	0	0	1	1	0	0	0
2	3	1	3	0	1	3	3	1	1	0
2	2	0	3	0	1	2	1	0	0	1
1	3	0	3	0	0	3	1	1	1	0
2	2	0	2	0	0	1	2	0	1	0
1	3	0	3	0	0	3	1	1	0	0
2	2	1	1	0	1	2	3	1	1	0
2	3	0	2	0	1	3	1	1	0	0
2	3	0	2	0	1	1	1	1	0	0
2	2	0	3	0	1	3	1	1	0	0
2	4	1	3	0	1	3	2	1	1	0
2	1	0	1	0	0	1	2	1	0	0
3	3	0	3	0	0	1	1	1	0	0
3	2	0	2	0	0	2	2	0	1	0
2	2	0	2	0	0	3	1	1	0	0
1	4	0	2	0	0	1	1	1	1	0
4	2	1	2	1	1	2	2	1	0	0
2	3	1	3	0	1	3	3	0	1	0
4	2	1	2	0	1	3	2	1	0	1
4	4	1	2	0	1	3	1	1	0	0
4	3	1	2	0	1	3	2	1	0	0
1	2	0	3	0	1	1	3	1	1	0
1	2	1	3	0	0	1	2	1	1	0
2	3	0	2	0	1	1	2	1	0	0
1	3	1	3	0	0	3	2	0	0	0
3	4	0	3	0	0	1	3	1	0	1
3	3	1	2	0	0	1	3	1	0	0
3	1	0	3	0	1	1	3	1	0	0
1	3	0	2	0	0	3	2	1	1	0
2	2	0	1	0	0	2	1	1	0	0
2	4	0	3	0	0	3	2	1	0	1
2	1	0	2	0	1	2	1	1	0	0
1	3	1	2	0	0	2	2	1	0	0
1	3	1	1	0	0	3	2	0	1	0
1	2	1	3	0	1	3	2	1	0	0
1	1	1	2	0	0	1	3	0	1	0
2	3	0	2	1	0	3	3	1	0	0
4	1	1	1	0	1	3	3	1	0	0
2	4	1	2	0	0	3	2	1	1	0
2	3	1	2	0	1	3	1	1	0	0
4	2	0	1	0	1	2	1	1	0	0
1	2	1	2	0	1	2	2	1	0	0
1	3	1	3	0	0	3	2	1	1	0
1	2	1	2	0	1	1	2	1	0	0
2	3	1	2	0	1	3	3	1	0	0
2	4	1	2	0	0	2	2	1	0	0
3	2	0	2	0	1	2	2	1	0	0
2	3	0	2	0	0	3	1	1	1	0
2	3	0	1	0	1	3	1	1	0	1
2	3	0	2	0	1	3	3	1	1	0
2	3	1	2	0	0	1	2	1	0	0
1	3	0	1	0	1	3	3	1	1	0
2	3	1	2	0	0	3	2	1	1	0
3	2	1	2	0	0	3	2	0	1	0
2	3	1	2	0	1	3	2	0	0	0
2	2	1	2	0	0	1	2	0	0	1
2	3	1	2	0	0	1	2	0	0	0
3	2	0	3	0	1	3	1	1	0	0
2	2	0	3	0	1	3	1	1	0	1
3	3	1	2	0	1	3	2	1	1	0
1	4	0	2	0	0	3	1	1	0	0
2	3	0	2	0	0	3	1	1	0	0
1	2	0	2	0	1	1	1	1	0	0
2	3	0	2	0	1	2	2	1	0	0
3	4	0	2	0	1	1	2	1	1	0
2	1	1	2	0	0	1	3	0	1	0
1	3	1	3	0	0	2	2	1	1	0
3	4	0	2	0	1	1	2	1	0	0
1	4	0	1	0	0	3	1	0	0	0
1	4	0	3	0	0	3	2	1	1	0
1	3	1	2	0	0	3	3	1	1	0
4	3	0	3	0	0	1	3	1	0	0
1	4	0	2	0	0	3	1	1	0	0
2	3	0	2	0	1	3	1	1	0	0
1	3	1	2	0	0	1	1	1	0	1
2	1	1	3	0	1	3	1	1	0	0
2	3	1	3	0	1	3	2	1	0	0
1	3	1	2	0	0	1	2	1	0	1
1	1	0	3	0	1	1	3	1	0	0
2	4	0	3	0	1	3	3	0	0	1
1	2	0	1	0	1	1	3	1	0	0
2	3	0	2	0	1	2	3	0	0	1
3	3	0	3	0	1	2	2	0	0	1
4	2	1	2	0	1	1	3	1	0	1
1	3	0	1	0	1	3	2	1	0	0
1	4	1	3	0	0	3	1	1	1	0
2	3	0	3	0	0	3	1	1	0	1
3	2	1	2	0	1	3	3	1	0	1
2	3	0	2	0	1	2	1	1	1	0
3	3	0	3	0	1	2	2	1	1	0
2	2	1	3	0	0	1	1	1	1	0
3	2	0	2	0	0	2	1	1	0	0
2	3	0	2	0	1	1	1	1	0	0
3	3	0	2	0	1	1	3	1	0	0
2	4	1	2	1	0	2	3	1	0	0
1	2	1	3	0	0	1	2	0	1	0
2	2	0	1	0	0	1	3	1	0	0
2	3	0	3	0	1	3	2	1	1	0
4	2	0	2	0	1	2	3	0	1	0
4	2	0	3	1	1	1	3	1	0	0
2	4	0	2	0	0	3	1	1	1	0
3	3	1	2	0	1	1	2	1	0	0
4	3	1	2	0	0	3	3	1	1	0
2	3	1	1	0	1	3	1	1	0	0
2	3	1	2	0	0	1	2	1	0	0
2	3	0	3	0	0	3	3	1	1	0
3	3	0	1	0	1	1	1	0	0	0
1	1	0	3	0	0	1	1	0	0	0
3	3	1	3	0	1	3	3	1	1	0
4	2	0	1	1	0	2	3	1	0	0
2	3	0	2	0	1	1	2	1	0	0
2	2	1	1	0	1	3	2	1	0	0
1	3	1	3	0	0	3	2	1	1	0
1	4	0	3	0	0	3	2	1	1	0
2	4	1	2	0	1	3	3	1	0	1
1	3	0	3	0	0	3	3	0	1	0
2	3	0	3	0	0	1	3	1	0	1
1	3	0	3	0	0	3	1	1	0	1
1	2	1	2	0	0	3	3	1	1	0
1	3	1	3	0	0	3	1	1	1	0
1	2	1	3	0	0	2	2	1	1	0
1	1	1	2	0	0	3	3	0	1	0
1	2	1	2	0	1	1	2	1	0	1
2	2	1	2	0	0	2	2	0	1	0
1	3	1	3	0	0	1	2	1	0	0
2	1	1	3	0	0	1	2	0	0	0
2	4	0	3	0	0	3	2	1	1	0
1	2	1	2	0	0	3	2	1	1	0
2	2	0	2	0	1	2	1	1	1	0
3	3	1	3	0	0	1	3	1	0	0
1	1	0	3	0	1	2	2	0	0	0
2	4	0	3	0	0	1	2	1	1	0
2	3	1	3	0	1	1	2	1	0	0
2	1	1	3	0	0	1	1	0	1	0
2	3	0	3	0	0	1	2	1	0	0
3	2	1	2	0	0	3	3	1	1	0
4	4	1	3	1	1	3	2	1	0	0
2	4	0	3	0	1	2	1	1	1	0
4	4	1	2	1	1	3	2	1	0	0
2	4	0	3	0	0	2	2	1	1	0
2	2	0	1	0	0	3	1	1	0	0
4	3	0	3	0	0	3	2	1	1	0
1	1	0	2	0	1	1	3	1	0	0
1	3	1	2	0	1	3	2	1	1	0
2	4	0	2	0	0	3	1	1	0	0
1	2	0	3	0	0	3	2	1	1	0
2	3	1	1	0	0	2	2	1	0	1
2	1	1	3	0	0	3	2	0	0	0
2	3	1	2	0	1	3	2	1	0	0
2	2	1	3	0	1	1	2	0	0	0
3	1	0	1	0	1	2	3	1	0	0
4	1	0	3	1	1	1	3	1	0	0
1	2	1	2	0	1	3	2	1	0	0
1	2	0	2	0	0	3	1	0	1	0
2	4	0	2	0	0	1	2	1	1	0
2	3	0	3	0	1	2	3	1	1	0
2	3	1	2	0	0	2	1	1	1	0
1	2	1	2	0	1	3	2	1	0	0
1	2	0	2	0	1	1	1	1	0	1
2	2	1	2	1	1	2	3	1	0	0
2	3	0	3	0	1	1	2	1	0	0
1	3	1	2	0	0	2	1	1	0	0
1	1	0	2	0	1	2	3	0	1	0
4	3	1	2	0	1	2	1	1	0	0
1	4	0	3	0	0	1	2	1	0	1
4	3	0	3	0	1	3	3	1	1	0
3	1	0	3	0	1	1	3	0	0	1
2	1	1	2	0	1	1	3	0	0	0
2	1	0	1	0	1	1	1	0	0	0
2	3	1	3	0	0	3	2	1	1	0
4	3	1	2	0	1	1	1	1	0	0
2	2	0	3	0	0	1	2	0	1	0
3	1	0	1	0	1	1	2	1	0	0
2	3	0	2	0	1	3	3	1	0	0
2	2	1	2	0	1	3	3	1	0	0
1	1	0	3	0	0	3	2	0	1	0
3	2	0	2	0	1	1	3	1	0	1
2	3	1	3	0	0	1	1	1	0	1
1	4	1	3	0	0	3	2	1	1	0
3	5	0	3	0	1	1	2	0	0	0
3	1	1	1	0	1	3	1	0	0	1
3	3	1	1	0	1	1	2	1	0	0
2	3	0	2	0	0	1	2	1	0	1
3	2	0	1	0	1	3	1	1	0	0
1	3	1	3	0	1	3	3	1	0	0
2	2	1	2	0	1	3	2	1	0	0
1	2	1	3	0	1	3	2	1	0	0
2	1	0	2	0	1	1	1	0	0	0
2	2	1	2	0	0	1	1	1	0	0
2	3	1	3	0	0	3	1	1	0	0
2	3	0	3	0	1	1	1	1	0	1
1	1	0	3	0	0	1	3	1	0	0
2	2	0	1	0	1	1	2	1	0	1
2	3	0	2	0	0	1	2	1	1	0
2	3	0	3	0	1	3	1	1	0	0
2	3	0	2	0	1	2	2	1	0	1
2	2	0	2	0	0	1	2	1	0	0
4	1	0	3	0	1	1	2	1	1	0
2	2	1	3	0	0	3	2	0	1	0
3	3	1	3	0	0	3	3	1	0	0
2	2	1	3	0	1	3	3	1	1	0
2	1	1	2	0	1	1	2	1	0	1
3	3	0	1	1	0	2	2	1	0	0
1	4	0	1	0	1	2	3	1	1	0
2	3	1	2	0	0	2	2	0	1	0
1	3	0	3	0	0	1	1	0	1	0
2	1	0	2	0	1	3	1	0	1	0
2	2	1	2	1	0	2	3	1	0	0
3	3	1	3	0	1	3	1	1	0	0
2	3	1	2	0	1	1	1	1	0	1
2	3	1	1	0	1	2	2	1	0	0
2	3	0	2	0	0	3	2	1	1	0
4	1	0	3	1	1	1	1	0	0	0
4	2	0	2	0	1	1	2	1	0	0
2	2	1	3	0	1	1	1	1	0	0
1	3	1	2	0	0	3	3	1	0	0
2	2	0	3	0	1	1	2	1	0	1
1	3	1	3	0	0	1	2	1	1	0
1	4	1	1	0	1	3	2	1	0	0
3	1	0	3	0	1	1	2	1	0	0
4	1	1	2	0	0	3	2	1	1	0
1	3	1	3	0	1	2	2	1	0	0
1	2	0	3	0	0	3	1	0	0	1
1	3	1	2	0	1	3	2	1	0	0
4	1	1	2	0	1	2	3	1	0	1
2	3	1	1	0	0	1	2	1	1	0
2	3	1	2	0	1	3	2	1	0	0
2	3	1	2	0	0	3	3	1	1	0
2	3	1	3	0	0	1	2	1	1	0
1	3	0	3	0	0	3	3	1	0	0
4	1	1	3	0	1	2	3	0	0	0
2	4	0	3	0	1	3	3	1	0	0
2	3	0	2	0	0	2	1	0	0	0
4	2	1	2	0	1	3	3	1	0	0
3	1	0	2	0	0	1	2	1	0	0
2	2	1	2	0	1	3	3	1	0	1
2	2	1	2	0	1	2	1	1	1	0
2	3	0	3	0	0	3	1	1	0	1
2	3	0	2	0	0	3	1	1	1	0
2	4	0	3	0	1	2	3	1	1	0
1	3	0	3	0	0	2	1	1	1	0
2	4	0	3	0	1	2	2	1	1	0
2	3	0	3	0	0	1	1	1	0	0
1	3	0	2	0	0	3	3	1	1	0
2	3	0	3	0	0	1	2	1	1	0
1	3	0	3	0	1	3	3	1	1	0
2	4	0	3	0	1	2	1	1	1	0
4	2	0	2	0	1	1	2	1	0	0
2	2	0	2	0	1	1	2	0	0	0
1	2	0	3	0	0	1	2	1	0	1
3	1	1	2	0	1	2	3	0	0	0
2	3	0	3	0	0	1	1	0	0	0
2	3	1	2	0	1	2	3	1	0	0
1	3	0	3	0	1	3	2	1	1	0
3	1	1	3	0	0	1	2	1	1	0
2	2	0	2	0	1	1	2	0	0	0
2	4	1	2	0	0	2	2	1	1	0
4	2	1	3	0	0	3	3	1	1	0
2	4	0	3	0	0	1	2	1	0	0
1	4	0	3	0	0	3	2	1	1	0
3	2	1	3	0	1	3	2	1	1	0
3	3	1	2	0	1	3	2	1	1	0
1	4	0	2	0	0	1	2	1	0	0
2	2	0	2	0	1	3	3	1	1	0
1	3	0	3	0	0	2	2	0	1	0
4	2	0	2	0	1	1	3	1	0	0
4	2	0	2	0	0	3	1	1	1	0
1	2	1	3	0	0	3	2	1	1	0
3	1	1	2	0	1	3	3	1	1	0
2	3	1	3	0	1	1	1	1	1	0
1	2	0	3	1	0	3	1	0	0	0
4	2	1	3	0	0	3	3	1	1	0
4	2	0	2	1	0	1	2	1	0	0
2	3	0	2	0	1	3	2	1	1	0
3	4	1	1	0	1	3	3	1	1	0
3	3	0	3	0	0	3	2	0	1	0
4	3	1	2	0	1	3	3	1	0	0
2	3	0	3	0	0	1	1	1	0	1
2	4	1	3	0	1	3	2	1	0	0
2	3	1	1	0	0	3	2	1	1	0
3	1	0	2	0	1	1	1	0	0	0
4	2	0	2	1	1	3	2	0	0	0
1	3	0	3	0	0	1	2	1	0	0
1	2	0	1	0	1	1	3	0	0	0
2	2	1	2	0	1	1	2	1	0	0
1	3	0	3	0	0	3	2	1	0	0
3	3	0	2	0	0	3	2	1	0	0
1	2	1	2	0	0	1	2	0	1	0
1	2	1	3	0	1	2	1	0	0	1
2	2	1	1	0	0	3	3	1	1	0
1	2	1	3	0	0	3	1	0	0	0
2	3	0	1	0	1	1	2	1	0	0
1	1	1	2	0	0	3	2	1	1	0
1	1	1	1	0	0	3	2	1	1	0
2	3	0	3	0	0	3	2	1	0	0
1	4	1	3	0	0	3	2	1	0	0
3	3	1	3	0	1	3	3	1	1	0
2	4	1	3	0	0	3	2	1	1	0
2	3	0	1	0	0	2	1	1	0	0
2	3	0	2	0	0	2	1	1	0	0
2	1	1	2	0	0	1	3	1	1	0
2	1	1	2	0	1	3	2	0	1	0
2	3	0	3	0	1	1	1	0	1	0
2	2	1	2	0	1	3	2	0	0	1
1	1	0	1	0	0	3	3	0	1	0
2	3	1	3	0	1	3	2	1	0	1
1	3	1	3	0	1	3	1	1	0	1
2	2	1	3	0	0	2	2	1	1	0
2	2	1	1	0	1	2	2	1	0	0
2	4	0	2	0	0	3	2	1	1	0
1	2	1	3	0	1	3	1	0	1	0
2	3	1	2	0	0	1	1	1	1	0
4	1	0	2	1	1	2	3	0	0	0
1	2	1	2	0	0	1	2	1	1	0
4	3	1	2	0	1	2	3	1	1	0
4	1	0	2	0	1	1	3	0	0	0
2	2	1	1	0	0	1	2	0	0	1
2	2	0	1	0	1	1	2	1	0	0
1	2	0	3	0	0	1	1	1	1	0
2	3	0	3	0	0	3	2	0	1	0
4	2	1	2	0	1	3	3	1	1	0
1	3	1	2	0	0	3	3	1	1	0
1	3	1	1	0	0	1	3	1	1	0
1	3	0	3	0	0	3	1	1	1	0
4	2	1	3	0	0	1	2	1	1	0
3	2	0	2	0	0	1	2	1	0	1
2	2	1	3	0	0	3	2	1	1	0
2	3	1	3	0	1	2	1	1	0	0
3	4	0	2	0	1	2	2	1	1	0
1	1	0	3	0	1	1	3	1	0	0
2	2	1	3	0	1	1	2	1	0	0
